[712546, u'R3', 16, 1.0, 297.5, 0.0, 1.0, 45532.22053185785]
[818199, u'RIP1', 32, 1.0, 407.5, 0.0, 1.0, 10688.14936519118]
[818505, u'RIP2', 32, 1.0, 415.0, 0.0, 1.0, 9193.667240191178]
[818841, u'RIP3', 32, 1.0, 415.0, 0.0, 1.0, 9193.667240191178]
[819177, u'RIP4', 32, 1.0, 415.0, 0.0, 1.0, 9193.667240191178]
[819513, u'RIP5', 32, 1.0, 415.0, 0.0, 1.0, 9193.667240191178]
[849714, u'ROUND_16_63', 8, 2.0, 343.0, 1.0, 1.0, 28185.47977352451]
[856343, u'BODY_60_79', 21, 2.0476, 948.5714, 0.0, 1.0, 191572.16733382788]
[857283, u'BODY_40_59', 21, 2.0476, 757.7143, 0.0, 1.0, 60926.394860936176]
[858223, u'BODY_32_39', 8, 2.0, 654.0, 0.0, 1.0, 20482.954323524515]
[858606, u'BODY_20_31', 12, 2.0, 627.5, 0.0, 1.0, 13599.95783185785]
[859254, u'BODY_16_19', 5, 2.2, 434.8, 0.0, 1.0, 5788.955390191177]
