[23349, u'rand_serial', 3, 76.3333, 21.6667, 19.6667, 0.0, 1058.033735395957]
[31271, u'sk_OPENSSL_STRING_value', 17, 60.8824, 5.7647, 4.2353, 0.0, 2874.251632700378]
[32018, u'sk_OPENSSL_STRING_push', 30, 67.4333, 12.3333, 17.9, 0.0, 1971.9065117923108]
[33220, u'rotate_index', 4, 74.75, 1.75, 3.75, 0.0, 2654.1127753582223]
[33236, u'save_index', 4, 72.5, 11.25, 7.25, 0.0, 1845.8581144466202]
[33265, u'do_revoke', 2, 68.5, 8.0, 2.0, 0.0, 2341.058120109603]
[33291, u'load_cert', 22, 93.3182, 72.1818, 29.9091, 0.0, 808.0624770821987]
[33332, u'rotate_serial', 2, 112.0, 0.0, 5.0, 0.0, 3094.153133093026]
[33346, u'PEM_write_bio_X509_CRL', 3, 68.3333, 12.6667, 4.3333, 0.0, 1932.7408731032504]
[33365, u'do_X509_CRL_sign', 1, 125.0, 57.0, 6.0, 0.0, 1337.6414281206498]
[33399, u'save_serial', 3, 72.6667, 7.6667, 24.6667, 0.0, 2270.059745459714]
[33419, u'X509_CRL_set_version', 1, 122.0, 6.0, 3.0, 0.0, 3106.7779551924737]
[33468, u'X509_CRL_add1_ext_i2d', 1, 120.0, 9.0, 5.0, 0.0, 2691.3727551924735]
[33510, u'X509V3_EXT_CRL_add_nconf', 1, 117.0, 20.0, 19.0, 0.0, 1726.6783557449596]
[33524, u'X509V3_set_nconf', 10, 77.5, 10.0, 5.6, 0.0, 1818.4475522642992]
[33543, u'X509V3_set_ctx', 5, 71.4, 46.0, 60.4, 0.0, 2686.911308341647]
[33572, u'X509_CRL_sort', 1, 115.0, 3.0, 2.0, 0.0, 2995.7810380654023]
[33585, u'X509_CRL_add0_revoked', 1, 115.0, 4.0, 3.0, 0.0, 2882.9015347504846]
[33601, u'X509_REVOKED_set_serialNumber', 1, 115.0, 2.0, 2.0, 0.0, 3091.578357402418]
[33676, u'make_revoked', 2, 76.0, 28.0, 35.0, 0.0, 1212.082939722863]
[33688, u'X509_REVOKED_new', 1, 115.0, 0.0, 0.0, 0.0, 3333.337364032253]
[33748, u'X509_CRL_set_nextUpdate', 1, 109.0, 4.0, 4.0, 0.0, 2596.2727286731374]
[33781, u'X509_time_adj_ex', 4, 85.5, 18.0, 23.5, 0.0, 1197.283400496343]
[33791, u'X509_CRL_set_lastUpdate', 1, 108.0, 2.0, 3.0, 0.0, 2765.0251143084965]
[33813, u'ASN1_TIME_new', 1, 107.0, 0.0, 0.0, 0.0, 2989.9418678996567]
[33832, u'X509_CRL_set_issuer_name', 1, 106.0, 0.0, 1.0, 0.0, 2932.9352469051814]
[33844, u'X509_CRL_new', 1, 105.0, 0.0, 0.0, 0.0, 2924.0929938665076]
[33910, u'NCONF_get_number', 4, 90.5, 17.5, 12.0, 0.0, 1083.2493609935805]
[34026, u'X509V3_EXT_add_nconf', 7, 77.8571, 26.5714, 20.5714, 0.0, 776.9427781847409]
[34047, u'X509V3_set_ctx_test', 5, 83.4, 0.8, 0.4, 0.0, 2633.2144252477246]
[34158, u'write_new_certificate', 2, 96.0, 5.5, 5.0, 0.0, 2107.226884474243]
[34781, u'certify', 2, 82.5, 69.0, 36.0, 0.0, 969.569503535017]
[35054, u'certify_cert', 1, 73.0, 36.0, 35.0, 0.0, 1007.9310739770066]
[35195, u'certify_spkac', 1, 68.0, 13.0, 34.0, 0.0, 2344.7294176234154]
[36754, u'set_cert_ex', 3, 60.0, 24.3333, 25.3333, 0.0, 1728.5663039098804]
[36809, u'set_name_ex', 4, 52.0, 20.75, 21.25, 0.0, 2372.932046214577]
[37061, u'load_key', 24, 79.5417, 49.1667, 7.2083, 0.0, 124.7952482222548]
[37095, u'app_passwd', 24, 44.5, 41.5833, 11.6667, 0.0, 2106.2524971418147]
[37488, u'app_RAND_load_file', 22, 48.5909, 38.8636, 9.8182, 0.0, 1814.6459542469527]
[38476, u'atol', 14, 62.3571, 21.6429, 40.3571, 0.0, 2367.4794701487754]
[40517, u'i2d_X509_bio', 4, 83.75, 7.75, 1.5, 0.0, 1963.5212064355694]
[43991, u'SSL_CTX_set_cipher_list', 9, 80.1111, 9.7778, 4.8889, 0.0, 1790.0704144016472]
[44119, u'TLSv1_client_method', 10, 69.7, 0.0, 0.0, 0.0, 3078.550367181427]
[44761, u'i2d_CMS_bio_stream', 1, 195.0, 24.0, 29.0, 0.0, 12106.773325910699]
[44780, u'PEM_write_bio_CMS_stream', 1, 194.0, 20.0, 29.0, 0.0, 12124.038166242193]
[44802, u'SMIME_write_CMS', 6, 68.3333, 9.3333, 12.8333, 0.0, 2136.621393569106]
[44883, u'CMS_ContentInfo_print_ctx', 1, 193.0, 15.0, 20.0, 0.0, 12020.839981711806]
[44928, u'CMS_verify_receipt', 1, 191.0, 7.0, 22.0, 0.0, 12277.20529441899]
[44943, u'receipt_request_print', 1, 194.0, 15.0, 11.0, 0.0, 12166.504074529486]
[44983, u'save_certs', 3, 151.0, 6.3333, 2.0, 0.0, 5820.183755006007]
[44992, u'CMS_get0_signers', 1, 192.0, 2.0, 11.0, 0.0, 12842.02035187755]
[45055, u'CMS_verify', 2, 98.0, 6.0, 15.0, 0.0, 2051.6052590598783]
[45081, u'CMS_EncryptedData_decrypt', 1, 189.0, 5.0, 26.0, 0.0, 12148.62232314827]
[45125, u'CMS_digest_verify', 1, 188.0, 5.0, 19.0, 0.0, 11804.273173976999]
[45147, u'CMS_uncompress', 2, 95.0, 4.0, 8.5, 0.0, 2195.2107825405415]
[45168, u'CMS_data', 1, 186.0, 5.0, 11.0, 0.0, 11367.081771767054]
[45205, u'CMS_decrypt', 4, 97.0, 12.75, 6.75, 0.0, 1501.1019343361215]
[45235, u'CMS_decrypt_set1_password', 1, 190.0, 2.0, 5.0, 0.0, 12484.664581711806]
[45265, u'CMS_decrypt_set1_pkey', 2, 95.5, 5.5, 4.5, 0.0, 2108.3057579549063]
[45299, u'CMS_decrypt_set1_key', 1, 186.0, 2.0, 3.0, 0.0, 11729.131201601309]
[45431, u'CMS_add1_ReceiptRequest', 1, 171.0, 2.0, 1.0, 0.0, 9100.42901430849]
[45456, u'CMS_add1_signer', 3, 60.6667, 9.0, 2.6667, 0.0, 2635.267594012587]
[45591, u'make_receipt_request', 1, 165.0, 11.0, 10.0, 0.0, 7250.966862374793]
[45604, u'CMS_set1_eContentType', 1, 165.0, 27.0, 21.0, 0.0, 6322.305729225622]
[45629, u'CMS_sign', 3, 56.6667, 58.3333, 19.6667, 0.0, 1201.6164131631406]
[45696, u'CMS_sign_receipt', 1, 162.0, 52.0, 25.0, 0.0, 5421.270698838879]
[45765, u'CMS_EncryptedData_encrypt', 1, 160.0, 66.0, 32.0, 0.0, 5606.6840662421955]
[45830, u'CMS_add0_recipient_password', 1, 164.0, 67.0, 34.0, 0.0, 6302.4201270156755]
[45890, u'CMS_add0_recipient_key', 1, 161.0, 158.0, 72.0, 0.0, 20279.967765137226]
[45914, u'CMS_encrypt', 3, 55.6667, 23.3333, 6.6667, 0.0, 1908.6679446548533]
[45938, u'CMS_compress', 2, 79.5, 21.0, 7.5, 0.0, 985.6597640322549]
[45956, u'CMS_digest_create', 1, 157.0, 41.0, 15.0, 0.0, 4648.240866242195]
[45972, u'CMS_data_create', 1, 156.0, 36.0, 14.0, 0.0, 4628.385209888605]
[45993, u'X509_STORE_set1_param', 3, 94.0, 2.6667, 2.6667, 0.0, 2386.130592974298]
[46020, u'setup_verify', 3, 116.6667, 86.3333, 6.3333, 0.0, 2059.855484572087]
[46149, u'd2i_CMS_bio', 2, 145.0, 46.5, 15.5, 0.0, 3103.22127370076]
[46168, u'PEM_read_bio_CMS', 3, 97.0, 87.0, 29.3333, 0.0, 1694.3632770245192]
[46183, u'SMIME_read_CMS', 5, 58.8, 11.0, 4.0, 0.0, 2561.7247550819793]
[46282, u'CMS_get1_certs', 1, 144.0, 14.0, 13.0, 0.0, 4291.915175081974]
[46649, u'load_certs', 9, 60.5556, 87.5556, 10.6667, 0.0, 2222.4940121559025]
[47842, u'args_verify', 5, 89.2, 23.8, 4.8, 0.0, 760.0362056897129]
[49548, u'EVP_rc2_64_cbc', 3, 63.6667, 0.0, 0.0, 0.0, 3354.325650219327]
[51740, u'print_name', 9, 112.6667, 27.8889, 2.1111, 0.0, 1140.2408925976124]
[53356, u'PEM_write_bio_PKCS7', 3, 59.6667, 12.3333, 5.3333, 0.0, 2386.2475895444663]
[64989, u'PEM_write_bio_ECPrivateKey', 2, 58.0, 60.5, 60.0, 0.0, 3396.7255955239684]
[65015, u'PEM_write_bio_ECPKParameters', 2, 54.0, 25.5, 8.0, 0.0, 1899.2075911040795]
[65037, u'i2d_ECPrivateKey_bio', 2, 57.0, 24.0, 5.5, 0.0, 1798.3823411040796]
[65063, u'i2d_ECPKParameters_bio', 2, 53.0, 22.5, 8.0, 0.0, 2129.6751120985546]
[67232, u'ecparam_print_var', 6, 57.0, 18.6667, 8.0, 0.0, 2081.9549132694387]
[67875, u'PEM_read_bio_ECPKParameters', 1, 42.0, 34.0, 35.0, 0.0, 3055.868165137229]
[70363, u'EVP_CIPHER_CTX_set_flags', 1, 79.0, 1.0, 0.0, 0.0, 2696.2603120985536]
[70421, u'set_hex', 3, 73.0, 5.3333, 0.6667, 0.0, 2433.7616518379455]
[78434, u'EVP_PKEY_CTX_set_app_data', 2, 60.5, 46.0, 8.5, 0.0, 875.080293314024]
[82275, u'print_ocsp_summary', 1, 100.0, 27.0, 20.0, 0.0, 720.2995071261764]
[82325, u'OCSP_basic_verify', 2, 100.5, 33.5, 6.5, 0.0, 436.4386336455134]
[82389, u'OCSP_check_nonce', 1, 98.0, 11.0, 11.0, 0.0, 1624.9473982863976]
[82587, u'OCSP_response_status', 1, 93.0, 7.0, 2.0, 0.0, 1996.2541463526961]
[82688, u'd2i_OCSP_RESPONSE_bio', 1, 93.0, 49.0, 7.0, 0.0, 39.35581430849726]
[82749, u'process_responder', 2, 51.5, 61.0, 12.5, 0.0, 1559.4718341980026]
[82763, u'send_ocsp_response', 2, 93.5, 4.0, 0.5, 0.0, 2301.7315988388837]
[82793, u'make_ocsp_response', 1, 93.0, 23.0, 24.0, 0.0, 905.6889894466188]
[82923, u'OCSP_REQUEST_print', 1, 94.0, 6.0, 10.0, 0.0, 1995.318430883083]
[82960, u'OCSP_request_sign', 1, 93.0, 51.0, 14.0, 0.0, 16.185887789160237]
[83080, u'OCSP_request_add1_nonce', 1, 94.0, 38.0, 10.0, 0.0, 177.80421209855243]
[83136, u'OCSP_response_create', 1, 93.0, 35.0, 3.0, 0.0, 330.84702093833147]
[83162, u'do_responder', 1, 93.0, 5.0, 7.0, 0.0, 2098.4378651372267]
[84466, u'add_ocsp_serial', 1, 53.0, 31.0, 74.0, 0.0, 5550.223755192478]
[85696, u'OCSP_parse_url', 3, 59.0, 13.6667, 13.6667, 0.0, 2284.4355609301015]
[96388, u'PEM_read_bio_PKCS7', 2, 59.0, 36.0, 24.5, 0.0, 1295.101887512919]
[99176, u'PEM_write_bio_PUBKEY', 4, 86.25, 13.25, 2.5, 0.0, 1481.864858645514]
[105118, u'PEM_write_bio_X509_REQ', 2, 152.5, 8.0, 0.5, 0.0, 5895.084105468716]
[105129, u'PEM_write_bio_X509_REQ_NEW', 1, 145.0, 11.0, 0.0, 0.0, 4773.299961822306]
[105146, u'i2d_X509_REQ_bio', 1, 143.0, 9.0, 0.0, 0.0, 4717.0457264631905]
[105248, u'X509_REQ_get_pubkey', 9, 85.8889, 7.5556, 3.2222, 0.0, 1926.6149538126965]
[105282, u'X509_REQ_get_subject_name', 10, 75.8, 7.9, 3.4, 0.0, 2069.5311846952386]
[105327, u'X509_REQ_print_ex', 2, 70.5, 3.0, 0.0, 0.0, 2754.057958783637]
[105340, u'X509_print_ex', 5, 60.4, 21.2, 1.8, 0.0, 1806.4520018223113]
[105445, u'BIO_append_filename', 1, 137.0, 20.0, 5.0, 0.0, 3226.3176717670585]
[105599, u'X509_REQ_verify', 2, 119.0, 16.0, 9.0, 0.0, 2060.538346905181]
[105705, u'build_subject', 2, 68.0, 17.5, 6.0, 0.0, 1582.6926319880567]
[105795, u'do_X509_REQ_sign', 1, 114.0, 110.0, 19.0, 0.0, 4199.146304363746]
[105828, u'X509V3_EXT_REQ_add_nconf', 1, 113.0, 45.0, 20.0, 0.0, 642.965440275347]
[105896, u'do_X509_sign', 1, 124.0, 96.0, 23.0, 0.0, 3387.2244093361196]
[106013, u'X509_set_subject_name', 3, 79.3333, 7.3333, 7.0, 0.0, 1984.169254333747]
[106111, u'X509_set_serialNumber', 3, 111.6667, 11.3333, 5.6667, 0.0, 2056.424233605126]
[106192, u'sk_X509_ATTRIBUTE_free', 1, 112.0, 0.0, 3.0, 0.0, 3126.317501048827]
[106233, u'make_REQ', 1, 111.0, 23.0, 14.0, 0.0, 1215.1506955239656]
[106323, u'PEM_read_bio_X509_REQ', 2, 104.0, 85.5, 71.0, 0.0, 4917.412691104076]
[106338, u'd2i_X509_REQ_bio', 1, 105.0, 35.0, 35.0, 0.0, 1003.3103778444082]
[106835, u'set_keygen_ctx', 2, 90.5, 81.0, 20.5, 0.0, 1008.921019280873]
[107746, u'make_config_name', 1, 73.0, 0.0, 0.0, 0.0, 2958.5110093361222]
[120785, u'print_stuff', 3, 114.3333, 46.3333, 12.0, 0.0, 631.3465758807057]
[120805, u'SSL_get_fd', 12, 102.5833, 17.4167, 5.1667, 0.0, 1305.2524819429166]
[120807, u'SHUTDOWN', 8, 91.0, 3.25, 1.625, 0.0, 2333.629163825072]
[120888, u'SSL_heartbeat', 2, 96.0, 25.0, 7.0, 0.0, 712.2647894466185]
[120981, u'raw_read_stdin', 4, 96.0, 9.5, 2.0, 0.0, 1815.2841590598787]
[121095, u'_kbhit', 4, 95.0, 0.0, 0.0, 0.0, 2714.8486237007623]
[121363, u'raw_write_stdout', 2, 95.0, 17.5, 9.5, 0.0, 1118.6147875129175]
[121643, u'DTLSv1_handle_timeout', 1, 170.0, 25.0, 6.0, 0.0, 7155.755312651034]
[121788, u'openssl_fdset', 7, 104.1429, 3.4286, 0.2857, 0.0, 2557.68523271822]
[121864, u'SSL_pending', 4, 53.0, 22.75, 5.25, 0.0, 2145.576788203527]
[121992, u'PEM_write_bio_SSL_SESSION', 3, 66.0, 7.0, 1.6667, 0.0, 2545.0988277150177]
[122070, u'SSL_total_renegotiations', 1, 170.0, 17.0, 4.0, 0.0, 7654.298235302967]
[122101, u'DTLSv1_get_timeout', 1, 170.0, 19.0, 3.0, 0.0, 7541.785780606837]
[122813, u'jpake_client_auth', 1, 171.0, 18.0, 3.0, 0.0, 7767.5075369604265]
[122827, u'SSL_set_tlsext_status_ids', 1, 171.0, 15.0, 3.0, 0.0, 7970.899494971476]
[122836, u'sk_OCSP_RESPID_push', 2, 117.0, 17.0, 14.5, 0.0, 1875.690141656562]
[122877, u'OCSP_RESPID_new', 1, 171.0, 0.0, 0.0, 0.0, 9321.105836960425]
[122886, u'sk_OCSP_RESPID_new_null', 2, 117.0, 0.0, 0.0, 0.0, 3439.186238065402]
[122903, u'SSL_CTX_set_tlsext_status_arg', 2, 87.0, 15.0, 4.0, 0.0, 1324.164601601315]
[122912, u'SSL_CTX_set_tlsext_status_cb', 2, 87.0, 10.0, 3.0, 0.0, 1720.2333822642986]
[122921, u'SSL_set_tlsext_status_type', 1, 171.0, 12.0, 3.0, 0.0, 8192.291452982527]
[122956, u'SSL_set_msg_callback_arg', 3, 59.3333, 16.0, 2.6667, 0.0, 2183.4577143355705]
[122965, u'SSL_set_msg_callback', 3, 59.3333, 11.3333, 2.0, 0.0, 2539.236556543692]
[122998, u'SSL_set_debug', 4, 87.25, 7.75, 2.0, 0.0, 1924.96564400463]
[123072, u'SSL_set_mtu', 2, 87.0, 7.5, 3.5, 0.0, 1919.68558861789]
[123157, u'BIO_ctrl_set_connected', 1, 170.0, 1.0, 1.0, 0.0, 9036.301896628935]
[123212, u'BIO_new_dgram', 2, 86.0, 2.0, 1.0, 0.0, 2476.8518678996584]
[123335, u'init_client', 1, 170.0, 1.0, 1.0, 0.0, 9036.301896628935]
[123370, u'SSL_set0_kssl_ctx', 2, 72.0, 3.5, 2.5, 0.0, 2598.0904946952382]
[123413, u'SSL_set_tlsext_host_name', 1, 139.0, 2.0, 2.0, 0.0, 4889.764845800208]
[123483, u'PEM_read_bio_SSL_SESSION', 2, 71.0, 9.0, 17.5, 0.0, 2087.2980416565647]
[123551, u'SSL_CTX_set_srp_verify_param_callback', 1, 136.0, 17.0, 6.0, 0.0, 3310.7030087836333]
[123572, u'SSL_CTX_set_srp_strength', 1, 135.0, 16.0, 6.0, 0.0, 3286.575891104075]
[123581, u'SSL_CTX_set_srp_client_pwd_callback', 2, 103.0, 9.5, 3.5, 0.0, 1926.8819422090492]
[123592, u'SSL_CTX_set_srp_cb_arg', 4, 110.25, 11.25, 4.0, 0.0, 2026.272709750485]
[123630, u'SSL_CTX_set_srp_username', 2, 102.0, 8.5, 3.5, 0.0, 1983.7548245294915]
[123651, u'SSL_CTX_set_tlsext_servername_arg', 3, 152.6667, 17.0, 7.3333, 0.0, 5122.89412509004]
[123660, u'SSL_CTX_set_tlsext_servername_callback', 3, 152.6667, 16.0, 7.3333, 0.0, 5190.691444427056]
[123688, u'SSL_CTX_set_default_verify_paths', 9, 67.7778, 8.4444, 2.7778, 0.0, 2319.465277324852]
[123700, u'SSL_CTX_load_verify_locations', 9, 68.4444, 11.6667, 4.1111, 0.0, 2007.9802154626973]
[123716, u'set_cert_key_stuff', 4, 148.75, 15.0, 6.5, 0.0, 4789.855627430041]
[123728, u'SSL_CTX_set_verify', 11, 81.7273, 8.9091, 4.0909, 0.0, 1845.592735280266]
[123789, u'SSL_CTX_set_info_callback', 4, 108.5, 6.25, 3.5, 0.0, 2381.6201336455133]
[123805, u'SSL_CTX_set_next_proto_select_cb', 1, 131.0, 9.0, 2.0, 0.0, 3533.7881143084956]
[123819, u'SSL_CTX_set_read_ahead', 3, 140.3333, 5.6667, 2.3333, 0.0, 4675.374141611535]
[123833, u'SSL_CTX_clear_options', 1, 131.0, 6.0, 3.0, 0.0, 3772.097888341644]
[123846, u'SSL_CTX_set_options', 13, 99.3846, 6.9231, 3.0, 0.0, 2068.825467577834]
[123869, u'SSL_CTX_set_tlsext_use_srtp', 2, 136.5, 6.5, 3.0, 0.0, 4214.283632264295]
[123884, u'SSL_CTX_set_psk_client_callback', 2, 99.5, 2.0, 1.0, 0.0, 2563.581767623414]
[123946, u'SSL_CTX_set_client_cert_engine', 2, 72.0, 34.5, 8.5, 0.0, 572.8804913803217]
[123959, u'SSL_CTX_set1_param', 3, 140.0, 7.0, 4.0, 0.0, 4494.538318175898]
[124327, u'next_protos_parse', 2, 126.0, 0.5, 1.0, 0.0, 3941.275327568165]
[124401, u'sc_usage', 1, 114.0, 0.0, 0.0, 0.0, 3283.412927015678]
[125822, u'isxdigit', 3, 78.6667, 0.6667, 1.3333, 0.0, 2706.1050345482226]
[125976, u'dbug_init', 1, 113.0, 0.0, 0.0, 0.0, 3235.4884899991034]
[126400, u'extract_host_port', 1, 113.0, 35.0, 28.0, 0.0, 1042.2811618223081]
[131172, u'X509_email_free', 2, 80.0, 3.0, 2.0, 0.0, 2438.425742485293]
[131652, u'X509_get1_ocsp', 2, 80.0, 12.0, 3.5, 0.0, 1638.3765924852937]
[132190, u'do_server', 2, 164.0, 4.0, 2.0, 0.0, 7798.281132540537]
[132242, u'SSL_load_client_CA_file', 3, 114.0, 1.6667, 2.6667, 0.0, 3061.083252642805]
[132246, u'SSL_CTX_set_client_CA_list', 3, 114.0, 17.3333, 7.3333, 0.0, 1713.8814497662306]
[132276, u'SSL_CTX_set_srp_username_callback', 2, 117.5, 15.0, 4.0, 0.0, 2099.609930606838]
[132329, u'SRP_VBASE_init', 1, 162.0, 2.0, 1.0, 0.0, 7715.109081159322]
[132350, u'SRP_VBASE_new', 1, 162.0, 1.0, 0.0, 0.0, 7835.988584474238]
[132422, u'SSL_CTX_set_session_id_context', 4, 100.0, 10.5, 5.25, 0.0, 1747.479989860983]
[132444, u'SSL_CTX_set_cookie_verify_cb', 1, 161.0, 19.0, 7.0, 0.0, 6118.137111546064]
[132453, u'SSL_CTX_set_cookie_generate_cb', 1, 161.0, 18.0, 7.0, 0.0, 6181.9344308830805]
[132581, u'SSL_CTX_use_psk_identity_hint', 2, 112.5, 10.5, 2.5, 0.0, 2210.198958507391]
[132593, u'SSL_CTX_set_psk_server_callback', 2, 113.0, 9.0, 2.5, 0.0, 2355.3571560212035]
[132621, u'SSL_CTX_set_tmp_rsa_callback', 4, 98.0, 11.0, 5.25, 0.0, 1669.982456159326]
[132711, u'SSL_CTX_set_tmp_ecdh', 3, 123.6667, 15.6667, 6.3333, 0.0, 2403.6709903493247]
[132759, u'EC_KEY_new_by_curve_name', 9, 76.5556, 33.7778, 14.1111, 0.0, 449.0749455698243]
[132877, u'SSL_CTX_set_tmp_dh', 5, 76.8, 12.8, 4.8, 0.0, 1628.3436993913713]
[132923, u'load_dh_param', 3, 149.6667, 3.0, 1.0, 0.0, 5984.025491655786]
[132959, u'get_dh512', 3, 71.6667, 0.0, 0.0, 0.0, 3004.3883463519237]
[133034, u'SSL_CTX_set_next_protos_advertised_cb', 1, 148.0, 11.0, 3.0, 0.0, 5051.8267209383275]
[133096, u'SSL_CTX_sess_set_cache_size', 2, 145.0, 8.0, 2.5, 0.0, 4964.736459888606]
[133105, u'SSL_CTX_set_session_cache_mode', 4, 83.0, 5.25, 1.75, 0.0, 2187.050631021205]
[133175, u'SSL_CTX_set_quiet_shutdown', 3, 96.6667, 0.6667, 2.0, 0.0, 2624.9128198984968]
[133218, u'SSL_CTX_set_generate_session_id', 2, 143.0, 1.0, 2.0, 0.0, 5399.259913203523]
[134125, u'sv_usage', 3, 67.0, 0.0, 0.0, 0.0, 3192.9643872366755]
[134834, u'TLSv1_server_method', 6, 65.6667, 0.0, 0.0, 0.0, 3254.841324252476]
[148292, u'i2d_PKCS7_bio_stream', 1, 120.0, 54.0, 20.0, 0.0, 1004.2606253582195]
[148309, u'PEM_write_bio_PKCS7_stream', 1, 119.0, 50.0, 20.0, 0.0, 931.5254656897114]
[148329, u'SMIME_write_PKCS7', 5, 51.4, 21.0, 10.4, 0.0, 2321.464750330599]
[148455, u'PKCS7_get0_signers', 1, 117.0, 28.0, 17.0, 0.0, 1280.464169004628]
[148496, u'PKCS7_verify', 2, 61.0, 21.5, 10.5, 0.0, 1651.9124676234162]
[148539, u'PKCS7_decrypt', 2, 60.0, 20.5, 10.0, 0.0, 1770.5764419328084]
[148586, u'PKCS7_final', 1, 112.0, 33.0, 9.0, 0.0, 816.5128590598774]
[148818, u'PKCS7_encrypt', 2, 54.0, 20.0, 3.5, 0.0, 2259.9626753582234]
[153481, u'AES_options', 1, 107.0, 0.0, 0.0, 0.0, 2989.9418678996567]
[153584, u'RAND_cleanup', 3, 107.0, 0.0, 0.0, 0.0, 2989.9418678996567]
[153690, u'ECDH_compute_key', 9, 45.2222, 54.3333, 23.7778, 0.0, 2117.102472423472]
[153704, u'COND', 62, 68.371, 58.2258, 15.2742, 0.0, 519.749751897891]
[153740, u'pkey_print_message', 7, 109.4286, 103.2857, 43.5714, 0.0, 4186.844019226122]
[154215, u'ECDSA_verify', 10, 40.5, 39.4, 20.9, 0.0, 2604.154779280876]
[154414, u'ECDSA_sign', 6, 43.3333, 50.5, 21.1667, 0.0, 2218.1411013521465]
[154533, u'EC_KEY_precompute_mult', 1, 109.0, 102.0, 43.0, 0.0, 3999.930258507391]
[154748, u'DSA_verify', 6, 41.0, 56.3333, 15.6667, 0.0, 2404.281221451208]
[155226, u'RSA_verify', 5, 56.8, 63.0, 22.0, 0.0, 1329.735963921759]
[155573, u'print_result', 30, 108.0, 206.2667, 35.0667, 0.0, 25165.87813330578]
[155658, u'print_message', 31, 108.0645, 183.6774, 42.3548, 0.0, 19025.382816413694]
[155999, u'CAST_cbc_encrypt', 2, 55.0, 106.5, 14.5, 0.0, 4346.264965965957]
[156338, u'RC2_cbc_encrypt', 2, 55.0, 96.0, 13.0, 0.0, 3273.260094971483]
[156451, u'SEED_cbc_encrypt', 1, 109.0, 171.0, 25.0, 0.0, 15091.394535855456]
[156677, u'Camellia_cbc_encrypt', 3, 109.0, 151.0, 22.0, 0.0, 10598.58747452949]
[156975, u'CRYPTO_gcm128_release', 1, 107.0, 3.0, 0.0, 0.0, 2696.549909888607]
[157100, u'CRYPTO_gcm128_new', 1, 107.0, 3.0, 0.0, 0.0, 2696.549909888607]
[157496, u'AES_cbc_encrypt', 3, 109.0, 103.0, 15.0, 0.0, 3154.43409055159]
[158389, u'SHA512', 1, 109.0, 50.0, 8.0, 0.0, 395.2673032587727]
[158492, u'SHA256', 1, 109.0, 45.0, 7.0, 0.0, 433.3360839217561]
[161293, u'Camellia_set_key', 4, 79.5, 0.5, 0.0, 0.0, 2735.621190275349]
[161403, u'get_dsa2048', 1, 106.0, 0.0, 0.0, 0.0, 2956.017430883082]
[161412, u'get_dsa1024', 1, 106.0, 0.0, 0.0, 0.0, 2956.017430883082]
[161421, u'get_dsa512', 1, 106.0, 0.0, 0.0, 0.0, 2956.017430883082]
[161687, u'do_multi', 1, 103.0, 0.0, 0.0, 0.0, 2866.2441198333586]
[163717, u'RSA_set_default_method', 1, 103.0, 0.0, 0.0, 0.0, 2866.2441198333586]
[163743, u'RSA_PKCS1_RSAref', 1, 103.0, 0.0, 0.0, 0.0, 2866.2441198333586]
[163745, u'RSA_set_default_openssl_method', 1, 103.0, 0.0, 0.0, 0.0, 2866.2441198333586]
[170712, u'srp_create_user', 2, 24.0, 73.0, 43.0, 0.0, 5764.475372872036]
[170784, u'srp_verify_user', 1, 24.0, 114.0, 70.0, 0.0, 11699.566312651043]
[173639, u'verify_command', 1, 51.0, 31.0, 1.0, 0.0, 1983.3743115460688]
[173722, u'reply_command', 1, 53.0, 36.0, 1.0, 0.0, 1664.236588894135]
[181749, u'PEM_write_bio_X509_AUX', 1, 164.0, 9.0, 1.0, 0.0, 7380.376719833355]
[181906, u'X509_ocspid_print', 1, 160.0, 3.0, 0.0, 0.0, 7356.545071767057]
[181935, u'X509_REQ_print', 2, 80.5, 2.0, 1.0, 0.0, 2546.0174643084983]
[181973, u'X509_to_X509_REQ', 1, 159.0, 1.0, 1.0, 0.0, 7387.133089446616]
[182085, u'x509_certify', 1, 159.0, 86.0, 32.0, 0.0, 6490.813242485289]
[182164, u'sign', 1, 159.0, 63.0, 16.0, 0.0, 4999.466530883079]
[182314, u'X509_digest', 2, 80.0, 22.0, 5.0, 0.0, 947.030123148277]
[182647, u'X509_get_X509_PUBKEY', 1, 159.0, 35.0, 7.0, 0.0, 5087.53112812065]
[182649, u'i2d_X509_PUBKEY', 2, 80.5, 1.5, 0.0, 0.0, 2617.7483079549074]
[183051, u'purpose_print', 1, 160.0, 47.0, 7.0, 0.0, 5001.887733093025]
[183106, u'X509_issuer_name_hash_old', 1, 159.0, 27.0, 7.0, 0.0, 5397.90968281678]
[183127, u'X509_issuer_name_hash', 1, 159.0, 26.0, 7.0, 0.0, 5445.7070021537975]
[183148, u'X509_subject_name_hash_old', 1, 159.0, 25.0, 7.0, 0.0, 5495.504321490813]
[183169, u'X509_subject_name_hash', 1, 159.0, 24.0, 7.0, 0.0, 5547.301640827831]
[183214, u'X509_alias_get0', 1, 159.0, 52.0, 30.0, 0.0, 5150.086467899653]
[183285, u'X509_get1_email', 1, 160.0, 21.0, 7.0, 0.0, 5854.618035855456]
[183524, u'X509_add1_reject_object', 1, 123.0, 22.0, 9.0, 0.0, 1935.4521789493795]
[183566, u'X509_add1_trust_object', 1, 123.0, 19.0, 9.0, 0.0, 2114.8441369604293]
[183603, u'X509_reject_clear', 1, 122.0, 14.0, 7.0, 0.0, 2404.070664584739]
[183613, u'X509_trust_clear', 1, 122.0, 13.0, 7.0, 0.0, 2477.8679839217552]
[234548, u'd2i_ASN1_ENUMERATED', 1, 68.0, 22.0, 13.0, 0.0, 1271.279407126178]
[235066, u'd2i_ASN1_BOOLEAN', 1, 68.0, 9.0, 10.0, 0.0, 2181.8911104410954]
[235450, u'asn1_print_info', 1, 68.0, 9.0, 8.0, 0.0, 2194.055478396896]
[326592, u'mul_add_c', 160, 0.0, 151.9, 0.0, 0.0, 18464.524299833367]
[394740, u'test_gf2m_mod_solve_quad', 1, 28.0, 63.0, 51.0, 0.0, 5463.488842485296]
[394772, u'test_gf2m_mod_sqrt', 1, 27.0, 61.0, 49.0, 0.0, 5389.323412098556]
[410842, u'RotLeft128', 26, 1.0, 156.9231, 0.0, 0.0, 19331.383035698174]
[565738, u'point_add_small', 6, 11.1667, 159.0, 0.0, 0.0, 18081.265432263528]
[685296, u'ctx -> digest -> sign', 1, 159.0, 63.0, 16.0, 0.0, 4999.466530883079]
[686141, u'ctx -> pmeth -> sign', 1, 159.0, 63.0, 16.0, 0.0, 4999.466530883079]
[709812, u'R2', 32, 1.0, 217.5, 0.0, 0.0, 35906.78458834166]
[710196, u'R1', 32, 1.0, 137.5, 0.0, 0.0, 15570.570135302976]
[712546, u'R3', 16, 1.0, 297.5, 0.0, 0.0, 69042.99904138033]
[818199, u'RIP1', 32, 1.0, 407.5, 0.0, 0.0, 135505.29391430848]
[818505, u'RIP2', 32, 1.0, 415.0, 0.0, 0.0, 140918.0640192809]
[818841, u'RIP3', 32, 1.0, 415.0, 0.0, 0.0, 140918.0640192809]
[819177, u'RIP4', 32, 1.0, 415.0, 0.0, 0.0, 140918.0640192809]
[819513, u'RIP5', 32, 1.0, 415.0, 0.0, 0.0, 140918.0640192809]
[849714, u'ROUND_16_63', 8, 2.0, 343.0, 1.0, 0.0, 93400.31326458475]
[849940, u'ROUND_00_15', 48, 1.6667, 118.6667, 0.0, 0.0, 12526.840189511762]
[854313, u'ROUND_16_80', 16, 2.0, 239.0, 1.0, 0.0, 43355.23447563447]
[856343, u'BODY_60_79', 21, 2.0476, 948.5714, 0.0, 0.0, 814513.7912283204]
[857283, u'BODY_40_59', 21, 2.0476, 757.7143, 0.0, 0.0, 508094.9348112873]
[858223, u'BODY_32_39', 8, 2.0, 654.0, 0.0, 0.0, 372142.42913475045]
[858606, u'BODY_20_31', 12, 2.0, 627.5, 0.0, 0.0, 340853.8080971814]
[859254, u'BODY_16_19', 5, 2.2, 434.8, 0.0, 0.0, 155537.26642082783]
[859445, u'BODY_00_15', 33, 3.0, 132.8485, 0.0, 0.0, 14431.751692482261]
[1017594, u'initialise_ssl_ctx', 1, 50.0, 37.0, 5.0, 0.0, 1792.3372225957924]
[1105722, u'dtls1_start_timer', 15, 31.8, 60.3333, 17.0, 0.0, 3456.9392587629204]
[1106274, u'ssl_update_cache', 6, 33.0, 102.1667, 26.3333, 0.0, 6080.717945598723]
[1106300, u'ssl_free_wbio_buffer', 7, 27.1429, 84.0, 22.8571, 0.0, 5139.157337732701]
[1106506, u'ssl3_get_finished', 4, 41.5, 109.75, 29.25, 0.0, 6126.356564722866]
[1106547, u'ssl3_get_cert_status', 2, 35.5, 104.5, 30.0, 0.0, 6169.559231159328]
[1106580, u'ssl3_get_new_session_ticket', 2, 35.5, 101.5, 30.0, 0.0, 5853.951189170378]
[1106801, u'dtls1_send_finished', 2, 39.0, 126.5, 45.5, 0.0, 9464.979883645516]
[1106830, u'dtls1_reset_seq_numbers', 3, 41.3333, 93.0, 26.0, 0.0, 4333.397346785406]
[1106959, u'dtls1_send_change_cipher_spec', 2, 39.0, 121.5, 27.5, 0.0, 7848.445791932808]
[1107043, u'dtls1_send_client_verify', 1, 36.0, 92.0, 23.0, 0.0, 4717.063229225628]
[1107200, u'dtls1_send_client_key_exchange', 1, 36.0, 82.0, 21.0, 0.0, 3945.2007905515943]
[1107240, u'dtls1_send_client_certificate', 1, 36.0, 78.0, 21.0, 0.0, 3708.3900678996606]
[1107351, u'ssl3_get_server_done', 2, 35.5, 57.5, 17.5, 0.0, 3000.310539722865]
[1107384, u'ssl3_get_certificate_request', 2, 35.5, 54.5, 17.5, 0.0, 2966.702497733915]
[1107408, u'ssl3_check_cert_and_algorithm', 2, 35.5, 54.5, 16.5, 0.0, 2956.7846817118157]
[1107436, u'ssl3_get_key_exchange', 2, 35.5, 51.5, 16.5, 0.0, 2941.176639722865]
[1107630, u'dtls1_get_hello_verify', 1, 36.0, 49.0, 14.0, 0.0, 2872.0876165184445]
[1118839, u'ssl3_do_change_cipher_spec', 2, 44.5, 35.5, 18.5, 0.0, 2292.0893143085]
[1119920, u'dtls1_process_heartbeat', 1, 46.0, 67.0, 41.0, 0.0, 3009.761271214578]
[1120363, u'dtls1_read_failed', 1, 46.0, 56.0, 37.0, 0.0, 2549.8605198333616]
[1120376, u'dtls1_get_record', 1, 46.0, 52.0, 35.0, 0.0, 2425.21416513723]
[1125248, u'ssl3_send_cert_status', 2, 47.5, 113.0, 30.5, 0.0, 6026.834169004633]
[1125281, u'dtls1_send_newsession_ticket', 1, 42.0, 130.0, 29.0, 0.0, 8883.818612651043]
[1125414, u'ssl3_get_cert_verify', 2, 47.5, 99.0, 28.0, 0.0, 4383.952099667616]
[1125601, u'ssl3_get_client_key_exchange', 2, 47.5, 88.0, 24.5, 0.0, 3336.26025629745]
[1125637, u'ssl3_get_client_certificate', 2, 47.5, 85.0, 24.5, 0.0, 3119.6522143084994]
[1125671, u'ssl3_check_client_hello', 2, 47.5, 82.5, 24.0, 0.0, 2940.6866046399914]
[1125793, u'dtls1_send_server_done', 1, 42.0, 92.0, 24.0, 0.0, 4133.5276673471735]
[1125864, u'dtls1_send_certificate_request', 1, 42.0, 86.0, 23.0, 0.0, 3647.393767347174]
[1126030, u'dtls1_send_server_key_exchange', 1, 42.0, 77.0, 21.0, 0.0, 3047.7340093361245]
[1126240, u'dtls1_send_server_certificate', 1, 42.0, 68.0, 20.0, 0.0, 2632.9920673471734]
[1126404, u'dtls1_send_server_hello', 1, 42.0, 60.0, 17.0, 0.0, 2376.617173977008]
[1126638, u'dtls1_send_hello_verify_request', 1, 42.0, 43.0, 14.0, 0.0, 2318.4181546399914]
[1126776, u'ssl3_get_client_hello', 2, 47.5, 31.0, 12.5, 0.0, 2143.6936662422013]
[1169986, u'ssl3_send_finished', 2, 44.0, 90.0, 45.5, 0.0, 4761.454224529495]
[1170013, u'ssl3_send_next_proto', 1, 35.0, 69.0, 23.0, 0.0, 3440.4771369604346]
[1170124, u'ssl3_send_change_cipher_spec', 2, 44.0, 83.5, 27.0, 0.0, 3393.157203811262]
[1170165, u'ssl3_send_client_verify', 1, 35.0, 60.0, 21.0, 0.0, 3146.8173789493844]
[1170250, u'ssl3_send_client_key_exchange', 1, 35.0, 53.0, 19.0, 0.0, 3029.562982264302]
[1170283, u'ssl3_send_client_certificate', 1, 35.0, 50.0, 19.0, 0.0, 3022.9549402753514]
[1199984, u'ssl3_send_newsession_ticket', 1, 53.0, 90.0, 32.0, 0.0, 3301.633641380323]
[1200078, u'ssl3_get_next_proto', 1, 53.0, 82.0, 30.0, 0.0, 2656.1765640322565]
[1200535, u'ssl3_send_server_done', 1, 53.0, 57.0, 21.0, 0.0, 1458.8492032587756]
[1200571, u'ssl3_send_certificate_request', 1, 53.0, 54.0, 21.0, 0.0, 1428.2411612698259]
[1200723, u'ssl3_send_server_key_exchange', 1, 53.0, 48.0, 18.0, 0.0, 1376.2716292256268]
[1200932, u'ssl3_send_server_certificate', 1, 53.0, 40.0, 17.0, 0.0, 1467.73236789966]
[1201043, u'ssl3_send_server_hello', 1, 53.0, 35.0, 14.0, 0.0, 1575.9655165184442]
[1201135, u'ssl_check_srp_ext_ClientHello', 1, 53.0, 30.0, 13.0, 0.0, 1752.034297181428]
[1201235, u'ssl3_send_hello_request', 1, 53.0, 22.0, 12.0, 0.0, 2141.495035855461]
[1256256, u'doit_biopair', 1, 76.0, 4.0, 1.0, 0.0, 2458.012859059879]
[1256352, u'gethostname', 1, 72.0, 2.0, 0.0, 0.0, 2794.9919336455155]
[1256797, u'SSL_CTX_set_tlsext_opaque_prf_input_callback_arg', 2, 64.0, 14.5, 3.0, 0.0, 2022.6333938665098]
[1256817, u'SSL_CTX_set_tlsext_opaque_prf_input_callback', 2, 64.0, 14.0, 3.0, 0.0, 2058.7820535350174]
[1257253, u'SSL_COMP_add_compression_method', 1, 61.0, 6.0, 4.0, 0.0, 2850.305113203527]
[1273606, u'ssl_add_clienthello_use_srtp_ext', 2, 40.5, 55.5, 36.0, 0.0, 3004.7569598886107]
[1276514, u'ssl_parse_clienthello_use_srtp_ext', 1, 63.0, 87.0, 56.0, 0.0, 3976.297554087504]
[1276634, u'd2i_X509_EXTENSIONS', 1, 63.0, 14.0, 19.0, 0.0, 2077.5426728720354]
[1276722, u'OCSP_RESPID_free', 3, 63.0, 3.0, 1.3333, 0.0, 3065.5435941515934]
[1276818, u'd2i_OCSP_RESPID', 1, 63.0, 7.0, 7.0, 0.0, 2613.1101159659574]
[1277078, u'ssl_parse_clienthello_renegotiate_ext', 1, 63.0, 51.0, 34.0, 0.0, 1186.8090977339134]
