函数总数量 = 60
函数名称 参数数量 实例数量 最多检查的参数序号 各参数[[显式的实例比例，隐式的实例比例，检查的实例比例] [显式的实例数量，隐式的实例数量，检查的实例数量]]AntMiner 算法1 算法2
[u'abs', 1, 159, 0, [[[0.59, 0.0, 0.59], [94, 0, 94]]], 0, 0, 0]
[u'atoi', 1, 14, 0, [[[0.07, 0.0, 0.07], [1, 0, 1]]], 0, 0, 0]
[u'exit', 1, 197, 0, [[[0.0, 0.0, 0.0], [0, 0, 0]]], 0, 0, 0]
[u'gettimeofday', 2, 12, 0, [[[0.0, 0.0, 0.0], [0, 0, 0]], [[0.0, 0.0, 0.0], [0, 0, 0]]], 0, 0, 0]
[u'isalnum', 1, 6, 0, [[[0.67, 0.0, 0.67], [4, 0, 4]]], 0, 0, 0]
[u'isdigit', 1, 45, 0, [[[0.4, 0.0, 0.4], [18, 0, 18]]], 0, 0, 0]
[u'isprint', 1, 10, 0, [[[0.5, 0.0, 0.5], [5, 0, 5]]], 0, 0, 0]
[u'isspace', 1, 17, 0, [[[0.47, 0.0, 0.47], [8, 0, 8]]], 0, 0, 0]
[u'mktime', 6, 33, 4, [[[0.03, 0.48, 0.48], [1, 16, 16]], [[0.03, 0.55, 0.55], [1, 18, 18]], [[0.03, 0.55, 0.55], [1, 18, 18]], [[0.03, 0.58, 0.58], [1, 19, 19]], [[0.03, 0.61, 0.61], [1, 20, 20]], [[0.03, 0.61, 0.61], [1, 20, 20]]], 0, 0, 0]
[u'strtoul', 3, 14, 0, [[[0.64, 0.0, 0.64], [9, 0, 9]], [[0.0, 0.0, 0.0], [0, 0, 0]], [[0.0, 0.0, 0.0], [0, 0, 0]]], 0, 0, 0]
[u'toupper', 1, 20, 0, [[[0.45, 0.0, 0.45], [9, 0, 9]]], 0, 0, 0]
[u'memcpy', 3, 4945, 0, [[[0.33, 0.25, 0.42], [1652, 1214, 2065]], [[0.35, 0.25, 0.42], [1732, 1215, 2093]], [[0.33, 0.31, 0.42], [1615, 1531, 2099]]], 0, 0, 0]
[u'free', 1, 8, 0, [[[0.75, 0.0, 0.75], [6, 0, 6]]], 1, 1, 0]
[u'memmove', 3, 68, 0, [[[0.57, 0.84, 0.9], [39, 57, 61]], [[0.51, 0.76, 0.87], [35, 52, 59]], [[0.65, 0.47, 0.76], [44, 32, 52]]], 0, 1, 0]
[u'memset', 3, 4040, 0, [[[0.28, 0.17, 0.34], [1138, 685, 1372]], [[0.0, 0.0, 0.0], [11, 7, 15]], [[0.18, 0.17, 0.24], [731, 681, 969]]], 0, 0, 0]
[u'strcat', 2, 166, 0, [[[0.3, 0.04, 0.32], [50, 7, 53]], [[0.15, 0.04, 0.17], [25, 7, 28]]], 0, 0, 0]
[u'strcmp', 2, 1363, 0, [[[0.59, 0.01, 0.59], [803, 13, 808]], [[0.16, 0.01, 0.16], [216, 13, 221]]], 0, 0, 0]
[u'strcpy', 2, 1246, 0, [[[0.35, 0.05, 0.36], [435, 58, 443]], [[0.12, 0.05, 0.13], [146, 58, 156]]], 0, 0, 0]
[u'strlen', 1, 820, 0, [[[0.4, 0.0, 0.4], [332, 0, 332]]], 0, 0, 0]
[u'strncat', 3, 7, 0, [[[0.29, 0.0, 0.29], [2, 0, 2]], [[0.0, 0.0, 0.0], [0, 0, 0]], [[0.14, 0.0, 0.14], [1, 0, 1]]], 0, 0, 0]
[u'strncpy', 3, 376, 0, [[[0.23, 0.35, 0.48], [87, 131, 179]], [[0.18, 0.04, 0.2], [69, 16, 75]], [[0.15, 0.36, 0.4], [57, 137, 152]]], 0, 0, 0]
[u'read', 3, 64, 0, [[[0.34, 0.08, 0.36], [22, 5, 23]], [[0.17, 0.17, 0.25], [11, 11, 16]], [[0.14, 0.14, 0.19], [9, 9, 12]]], 0, 0, 0]
[u'write', 3, 71, 1, [[[0.23, 0.13, 0.24], [16, 9, 17]], [[0.24, 0.2, 0.28], [17, 14, 20]], [[0.23, 0.18, 0.25], [16, 13, 18]]], 0, 0, 0]
[u'fclose', 1, 9, 0, [[[0.56, 0.0, 0.56], [5, 0, 5]]], 0, 0, 0]
[u'fgets', 3, 9, 0, [[[0.56, 0.22, 0.67], [5, 2, 6]], [[0.0, 0.11, 0.11], [0, 1, 1]], [[0.67, 0.11, 0.67], [6, 1, 6]]], 0, 0, 0]
[u'fread', 4, 7, 0, [[[0.43, 0.43, 0.43], [3, 3, 3]], [[0.0, 0.0, 0.0], [0, 0, 0]], [[0.43, 0.43, 0.43], [3, 3, 3]], [[0.14, 0.0, 0.14], [1, 0, 1]]], 0, 0, 0]
[u'fseek', 3, 7, 0, [[[0.43, 0.0, 0.43], [3, 0, 3]], [[0.43, 0.0, 0.43], [3, 0, 3]], [[0.0, 0.0, 0.0], [0, 0, 0]]], 0, 0, 0]
[u'fwrite', 4, 6, 0, [[[0.0, 0.17, 0.17], [0, 1, 1]], [[0.0, 0.0, 0.0], [0, 0, 0]], [[0.0, 0.17, 0.17], [0, 1, 1]], [[0.0, 0.0, 0.0], [0, 0, 0]]], 0, 0, 0]
[u'fprintf', 8, 198, 2, [[[0.01, 0.0, 0.01], [2, 0, 2]], [[0.0, 0.0, 0.0], [0, 0, 0]], [[0.24, 0.08, 0.31], [47, 15, 61]], [[0.08, 0.11, 0.16], [15, 22, 31]], [[0.03, 0.07, 0.07], [6, 13, 13]], [[0.02, 0.03, 0.03], [3, 5, 6]], [[0.0, 0.01, 0.01], [0, 2, 2]], [[0.0, 0.01, 0.01], [0, 1, 1]]], 0, 0, 0]
[u'printf', 9, 519, 1, [[[0.0, 0.0, 0.0], [1, 0, 1]], [[0.25, 0.11, 0.32], [128, 59, 168]], [[0.07, 0.13, 0.16], [38, 66, 82]], [[0.03, 0.06, 0.06], [13, 30, 31]], [[0.01, 0.03, 0.04], [5, 17, 19]], [[0.01, 0.01, 0.02], [4, 7, 9]], [[0.0, 0.01, 0.01], [1, 4, 4]], [[0.0, 0.01, 0.01], [1, 3, 3]], [[0.0, 0.0, 0.0], [0, 1, 1]]], 0, 0, 0]
[u'sprintf', 13, 3627, 2, [[[0.2, 0.08, 0.21], [720, 307, 777]], [[0.0, 0.0, 0.0], [9, 9, 12]], [[0.19, 0.12, 0.26], [698, 453, 930]], [[0.05, 0.08, 0.1], [192, 308, 360]], [[0.02, 0.04, 0.04], [55, 146, 156]], [[0.0, 0.02, 0.02], [18, 75, 75]], [[0.0, 0.01, 0.01], [6, 35, 36]], [[0.0, 0.01, 0.01], [3, 21, 21]], [[0.0, 0.0, 0.0], [2, 12, 12]], [[0.0, 0.0, 0.0], [2, 9, 9]], [[0.0, 0.0, 0.0], [2, 6, 6]], [[0.0, 0.0, 0.0], [1, 4, 5]], [[0.0, 0.0, 0.0], [1, 1, 1]]], 0, 0, 0]
有实例的函数数量 = 46, 有参数及实例的函数数量 = 45, 实例数>1有参数函数数量 = 41, 实例数>4有参数函数数量 = 31, 实例数>9有参数函数数量 = 23
Antminer = 1, 算法1 = 2, 算法2 = 0, 
