函数总数量 = 60
函数名称 参数数量 实例数量 最多检查的参数序号 各参数[[显式的实例比例，隐式的实例比例，检查的实例比例] [显式的实例数量，隐式的实例数量，检查的实例数量]]AntMiner 算法1 算法2
[u'abs', 1, 525, 0, [[[0.48, 0.0, 0.48], [252, 0, 252]]], 0, 0, 0]
[u'atof', 1, 73, 0, [[[0.36, 0.0, 0.36], [26, 0, 26]]], 0, 0, 0]
[u'atoi', 1, 598, 0, [[[0.56, 0.0, 0.56], [334, 0, 334]]], 0, 0, 0]
[u'atol', 1, 27, 0, [[[0.93, 0.0, 0.93], [25, 0, 25]]], 1, 1, 0]
[u'ceil', 1, 178, 0, [[[0.27, 0.0, 0.27], [48, 0, 48]]], 0, 0, 0]
[u'closedir', 1, 33, 0, [[[0.91, 0.0, 0.91], [30, 0, 30]]], 1, 1, 0]
[u'exit', 1, 640, 0, [[[0.0, 0.0, 0.0], [3, 0, 3]]], 0, 0, 0]
[u'exp', 1, 163, 0, [[[0.38, 0.0, 0.38], [62, 0, 62]]], 0, 0, 0]
[u'fstat', 2, 35, 0, [[[0.46, 0.0, 0.46], [16, 0, 16]], [[0.06, 0.0, 0.06], [2, 0, 2]]], 0, 0, 0]
[u'gettimeofday', 2, 13, 1, [[[0.0, 0.0, 0.0], [0, 0, 0]], [[0.08, 0.0, 0.08], [1, 0, 1]]], 0, 0, 0]
[u'isalnum', 1, 13, 0, [[[0.62, 0.0, 0.62], [8, 0, 8]]], 1, 1, 0]
[u'isalpha', 1, 18, 0, [[[0.67, 0.0, 0.67], [12, 0, 12]]], 1, 1, 0]
[u'isdigit', 1, 70, 0, [[[0.6, 0.0, 0.6], [42, 0, 42]]], 1, 1, 0]
[u'islower', 1, 7, 0, [[[0.71, 0.0, 0.71], [5, 0, 5]]], 1, 1, 0]
[u'isprint', 1, 11, 0, [[[0.36, 0.0, 0.36], [4, 0, 4]]], 0, 0, 0]
[u'isspace', 1, 76, 0, [[[0.39, 0.0, 0.39], [30, 0, 30]]], 0, 0, 0]
[u'isupper', 1, 9, 0, [[[0.78, 0.0, 0.78], [7, 0, 7]]], 1, 1, 0]
[u'localtime', 1, 13, 0, [[[0.0, 0.0, 0.0], [0, 0, 0]]], 0, 0, 0]
[u'mktime', 1, 9, 0, [[[0.0, 0.0, 0.0], [0, 0, 0]]], 0, 0, 0]
[u'qsort', 4, 54, 1, [[[0.46, 0.69, 0.72], [25, 37, 39]], [[0.5, 0.7, 0.8], [27, 38, 43]], [[0.11, 0.3, 0.3], [6, 16, 16]], [[0.02, 0.02, 0.04], [1, 1, 2]]], 0, 1, 0]
[u'readdir', 1, 11, 0, [[[0.73, 0.0, 0.73], [8, 0, 8]]], 1, 1, 0]
[u'rewind', 1, 28, 0, [[[0.68, 0.0, 0.68], [19, 0, 19]]], 1, 1, 0]
[u'sleep', 1, 10, 0, [[[0.0, 0.0, 0.0], [0, 0, 0]]], 0, 0, 0]
[u'sqrt', 1, 401, 0, [[[0.47, 0.0, 0.47], [190, 0, 190]]], 0, 0, 0]
[u'strtol', 3, 237, 0, [[[0.81, 0.01, 0.81], [192, 2, 192]], [[0.07, 0.0, 0.07], [17, 1, 17]], [[0.01, 0.0, 0.01], [2, 1, 2]]], 1, 1, 0]
[u'strtoul', 3, 60, 0, [[[0.65, 0.0, 0.65], [39, 0, 39]], [[0.12, 0.0, 0.12], [7, 0, 7]], [[0.0, 0.0, 0.0], [0, 0, 0]]], 1, 1, 0]
[u'system', 1, 11, 0, [[[0.09, 0.0, 0.09], [1, 0, 1]]], 0, 0, 0]
[u'time', 1, 88, 0, [[[0.19, 0.0, 0.19], [17, 0, 17]]], 0, 0, 0]
[u'tolower', 1, 43, 0, [[[0.74, 0.0, 0.74], [32, 0, 32]]], 1, 1, 0]
[u'toupper', 1, 30, 0, [[[0.7, 0.0, 0.7], [21, 0, 21]]], 1, 1, 0]
[u'memcpy', 3, 4412, 0, [[[0.53, 0.44, 0.61], [2336, 1961, 2685]], [[0.49, 0.45, 0.58], [2160, 1969, 2557]], [[0.53, 0.47, 0.61], [2331, 2088, 2707]]], 0, 1, 0]
[u'free', 1, 5432, 0, [[[0.54, 0.0, 0.54], [2944, 0, 2944]]], 0, 0, 0]
[u'memmove', 3, 263, 0, [[[0.61, 0.9, 0.94], [160, 238, 248]], [[0.57, 0.85, 0.87], [151, 223, 229]], [[0.7, 0.53, 0.75], [184, 140, 196]]], 1, 1, 0]
[u'memset', 3, 3040, 0, [[[0.39, 0.32, 0.49], [1200, 970, 1496]], [[0.03, 0.02, 0.03], [92, 65, 99]], [[0.34, 0.32, 0.43], [1020, 971, 1319]]], 0, 0, 0]
[u'strcat', 2, 120, 0, [[[0.49, 0.19, 0.5], [59, 23, 60]], [[0.33, 0.19, 0.34], [39, 23, 41]]], 0, 0, 0]
[u'strcmp', 2, 4938, 0, [[[0.75, 0.01, 0.75], [3691, 54, 3708]], [[0.12, 0.01, 0.12], [601, 54, 617]]], 1, 1, 0]
[u'strcpy', 2, 291, 0, [[[0.36, 0.17, 0.41], [106, 50, 118]], [[0.25, 0.17, 0.3], [73, 50, 86]]], 0, 0, 0]
[u'strlen', 1, 2476, 0, [[[0.45, 0.0, 0.45], [1116, 0, 1116]]], 0, 0, 0]
[u'strncat', 3, 18, 0, [[[0.72, 0.5, 0.72], [13, 9, 13]], [[0.39, 0.5, 0.5], [7, 9, 9]], [[0.28, 0.33, 0.39], [5, 6, 7]]], 1, 1, 0]
[u'strncpy', 3, 150, 1, [[[0.41, 0.44, 0.53], [62, 66, 79]], [[0.56, 0.33, 0.63], [84, 50, 94]], [[0.33, 0.43, 0.45], [49, 64, 67]]], 0, 1, 0]
[u'read', 6, 116, 0, [[[0.66, 0.11, 0.67], [77, 13, 78]], [[0.52, 0.32, 0.6], [60, 37, 70]], [[0.28, 0.34, 0.35], [32, 39, 41]], [[0.01, 0.01, 0.01], [1, 1, 1]], [[0.01, 0.01, 0.01], [1, 1, 1]], [[0.01, 0.01, 0.01], [1, 1, 1]]], 1, 1, 0]
[u'write', 3, 64, 1, [[[0.5, 0.25, 0.52], [32, 16, 33]], [[0.48, 0.41, 0.59], [31, 26, 38]], [[0.41, 0.34, 0.48], [26, 22, 31]]], 0, 0, 0]
[u'fclose', 1, 486, 0, [[[0.89, 0.0, 0.89], [432, 0, 432]]], 1, 1, 0]
[u'fdopen', 2, 10, 0, [[[0.7, 0.0, 0.7], [7, 0, 7]], [[0.1, 0.0, 0.1], [1, 0, 1]]], 1, 1, 0]
[u'fgets', 3, 71, 2, [[[0.62, 0.18, 0.65], [44, 13, 46]], [[0.21, 0.13, 0.23], [15, 9, 16]], [[0.83, 0.06, 0.85], [59, 4, 60]]], 1, 1, 0]
[u'fileno', 1, 57, 0, [[[0.14, 0.0, 0.14], [8, 0, 8]]], 0, 0, 0]
[u'fputc', 2, 110, 1, [[[0.21, 0.0, 0.21], [23, 0, 23]], [[0.27, 0.0, 0.27], [30, 0, 30]]], 0, 0, 0]
[u'fputs', 2, 149, 1, [[[0.06, 0.01, 0.06], [9, 2, 9]], [[0.2, 0.01, 0.2], [30, 2, 30]]], 0, 0, 0]
[u'fread', 4, 528, 3, [[[0.62, 0.12, 0.63], [325, 64, 335]], [[0.12, 0.08, 0.12], [61, 42, 64]], [[0.09, 0.07, 0.11], [50, 39, 58]], [[0.7, 0.06, 0.71], [372, 32, 377]]], 1, 1, 0]
[u'fseek', 3, 179, 0, [[[0.51, 0.32, 0.75], [91, 58, 134]], [[0.25, 0.32, 0.47], [44, 58, 84]], [[0.13, 0.0, 0.13], [23, 0, 23]]], 0, 1, 0]
[u'ftell', 1, 105, 0, [[[0.48, 0.0, 0.48], [50, 0, 50]]], 0, 0, 0]
[u'fwrite', 4, 182, 0, [[[0.36, 0.42, 0.5], [65, 76, 91]], [[0.13, 0.19, 0.22], [23, 35, 40]], [[0.21, 0.23, 0.3], [39, 41, 55]], [[0.47, 0.05, 0.47], [85, 10, 86]]], 0, 0, 0]
[u'fprintf', 14, 3145, 2, [[[0.15, 0.02, 0.16], [483, 57, 492]], [[0.0, 0.0, 0.0], [1, 1, 2]], [[0.25, 0.09, 0.29], [779, 286, 913]], [[0.08, 0.09, 0.13], [251, 284, 396]], [[0.03, 0.04, 0.05], [84, 140, 164]], [[0.01, 0.02, 0.02], [41, 73, 78]], [[0.01, 0.01, 0.01], [17, 31, 35]], [[0.0, 0.01, 0.01], [11, 18, 20]], [[0.0, 0.0, 0.0], [3, 9, 10]], [[0.0, 0.0, 0.0], [3, 5, 7]], [[0.0, 0.0, 0.0], [2, 1, 3]], [[0.0, 0.0, 0.0], [1, 0, 1]], [[0.0, 0.0, 0.0], [1, 0, 1]], [[0.0, 0.0, 0.0], [1, 0, 1]]], 0, 0, 0]
[u'fscanf', 7, 31, 0, [[[0.84, 0.03, 0.84], [26, 1, 26]], [[0.0, 0.0, 0.0], [0, 0, 0]], [[0.23, 0.06, 0.26], [7, 2, 8]], [[0.03, 0.06, 0.1], [1, 2, 3]], [[0.0, 0.03, 0.03], [0, 1, 1]], [[0.0, 0.03, 0.03], [0, 1, 1]], [[0.03, 0.0, 0.03], [1, 0, 1]]], 1, 1, 0]
[u'printf', 15, 2883, 1, [[[0.0, 0.0, 0.0], [8, 2, 8]], [[0.19, 0.08, 0.24], [548, 243, 684]], [[0.07, 0.11, 0.13], [204, 308, 389]], [[0.03, 0.06, 0.06], [88, 168, 187]], [[0.01, 0.03, 0.03], [30, 80, 85]], [[0.0, 0.01, 0.02], [11, 42, 45]], [[0.0, 0.01, 0.01], [7, 28, 29]], [[0.0, 0.01, 0.01], [8, 21, 22]], [[0.0, 0.0, 0.0], [2, 9, 9]], [[0.0, 0.0, 0.0], [2, 3, 3]], [[0.0, 0.0, 0.0], [1, 1, 1]], [[0.0, 0.0, 0.0], [0, 0, 0]], [[0.0, 0.0, 0.0], [0, 1, 1]], [[0.0, 0.0, 0.0], [0, 0, 0]], [[0.0, 0.0, 0.0], [0, 0, 0]]], 0, 0, 0]
[u'sprintf', 8, 378, 2, [[[0.31, 0.14, 0.33], [116, 52, 124]], [[0.05, 0.03, 0.06], [20, 10, 21]], [[0.4, 0.22, 0.46], [152, 85, 175]], [[0.15, 0.12, 0.2], [58, 46, 75]], [[0.06, 0.06, 0.09], [24, 24, 35]], [[0.03, 0.03, 0.03], [10, 11, 13]], [[0.01, 0.02, 0.02], [5, 6, 6]], [[0.02, 0.01, 0.02], [6, 5, 6]]], 0, 0, 0]
有实例的函数数量 = 59, 有参数及实例的函数数量 = 57, 实例数>1有参数函数数量 = 56, 实例数>4有参数函数数量 = 56, 实例数>9有参数函数数量 = 53
Antminer = 22, 算法1 = 26, 算法2 = 0, 
