函数总数量 = 485
函数名称 参数数量 实例数量 最多检查的参数序号 各参数[[显式的实例比例，隐式的实例比例，检查的实例比例] [显式的实例数量，隐式的实例数量，检查的实例数量]]AntMiner 算法1 算法2
[u'magic_error', 1, 8, 0, [[[1.0, 0.0, 1.0], [8, 0, 8]]], 1, 1, 0]
[u'snprintf', 5, 16, 3, [[[0.25, 0.31, 0.31], [4, 5, 5]], [[0.25, 0.31, 0.31], [4, 5, 5]], [[0.0, 0.0, 0.0], [0, 0, 0]], [[0.75, 0.19, 0.75], [12, 3, 12]], [[0.0, 0.0, 0.0], [0, 0, 0]]], 1, 1, 0]
[u'magic_open', 1, 5, 0, [[[0.0, 0.0, 0.0], [0, 0, 0]]], 0, 0, 0]
[u'fprintf', 6, 85, 2, [[[0.0, 0.0, 0.0], [0, 0, 0]], [[0.0, 0.0, 0.0], [0, 0, 0]], [[0.35, 0.12, 0.4], [30, 10, 34]], [[0.07, 0.13, 0.13], [6, 11, 11]], [[0.02, 0.04, 0.04], [2, 3, 3]], [[0.01, 0.02, 0.02], [1, 2, 2]]], 0, 0, 0]
[u'strerror', 1, 16, 0, [[[0.06, 0.0, 0.06], [1, 0, 1]]], 0, 0, 0]
[u'strncmp', 3, 9, 0, [[[0.67, 0.44, 0.78], [6, 4, 7]], [[0.33, 0.22, 0.33], [3, 2, 3]], [[0.56, 0.67, 0.67], [5, 6, 6]]], 0, 1, 0]
[u'CAST', 2, 51, 1, [[[0.24, 0.0, 0.24], [12, 0, 12]], [[0.53, 0.0, 0.53], [27, 0, 27]]], 0, 0, 0]
[u'isdigit', 1, 14, 0, [[[0.86, 0.0, 0.86], [12, 0, 12]]], 1, 1, 0]
[u'assert', 1, 12, 0, [[[0.08, 0.0, 0.08], [1, 0, 1]]], 0, 0, 0]
[u'printf', 4, 18, 1, [[[0.0, 0.0, 0.0], [0, 0, 0]], [[0.17, 0.11, 0.28], [3, 2, 5]], [[0.11, 0.11, 0.17], [2, 2, 3]], [[0.0, 0.06, 0.06], [0, 1, 1]]], 0, 0, 0]
[u'file_oomem', 2, 21, 0, [[[0.52, 0.14, 0.52], [11, 3, 11]], [[0.33, 0.14, 0.33], [7, 3, 7]]], 0, 0, 0]
[u'file_magwarn', 5, 36, 0, [[[0.67, 0.0, 0.67], [24, 0, 24]], [[0.0, 0.0, 0.0], [0, 0, 0]], [[0.47, 0.06, 0.47], [17, 2, 17]], [[0.11, 0.06, 0.11], [4, 2, 4]], [[0.03, 0.0, 0.03], [1, 0, 1]]], 0, 0, 0]
[u'file_error', 6, 36, 3, [[[0.56, 0.08, 0.56], [20, 3, 20]], [[0.11, 0.0, 0.11], [4, 0, 4]], [[0.0, 0.0, 0.0], [0, 0, 0]], [[0.61, 0.08, 0.61], [22, 3, 22]], [[0.08, 0.03, 0.08], [3, 1, 3]], [[0.03, 0.03, 0.03], [1, 1, 1]]], 0, 0, 0]
[u'free', 1, 82, 0, [[[0.59, 0.0, 0.59], [48, 0, 48]]], 0, 0, 0]
[u'mlist_free', 1, 7, 0, [[[0.86, 0.0, 0.86], [6, 0, 6]]], 1, 1, 0]
[u'MAX', 2, 5, 0, [[[0.6, 0.2, 0.6], [3, 1, 3]], [[0.2, 0.2, 0.2], [1, 1, 1]]], 0, 0, 0]
[u'strchr', 3, 21, 1, [[[0.1, 0.0, 0.1], [2, 0, 2]], [[0.19, 0.0, 0.19], [4, 0, 4]], [[0.0, 0.0, 0.0], [0, 0, 0]]], 0, 0, 0]
[u'strlen', 1, 22, 0, [[[0.5, 0.0, 0.5], [11, 0, 11]]], 0, 0, 0]
[u'memset', 3, 21, 0, [[[0.33, 0.05, 0.33], [7, 1, 7]], [[0.0, 0.0, 0.0], [0, 0, 0]], [[0.19, 0.05, 0.19], [4, 1, 4]]], 0, 0, 0]
[u'fclose', 1, 5, 0, [[[1.0, 0.0, 1.0], [5, 0, 5]]], 1, 1, 0]
[u'isspace', 1, 24, 0, [[[0.67, 0.0, 0.67], [16, 0, 16]]], 0, 0, 0]
[u'memcpy', 3, 34, 1, [[[0.21, 0.21, 0.26], [7, 7, 9]], [[0.59, 0.24, 0.65], [20, 8, 22]], [[0.44, 0.24, 0.47], [15, 8, 16]]], 0, 0, 0]
[u'stat', 2, 7, 0, [[[0.71, 0.0, 0.71], [5, 0, 5]], [[0.43, 0.0, 0.43], [3, 0, 3]]], 1, 1, 0]
[u'asprintf', 5, 9, 2, [[[0.44, 0.0, 0.44], [4, 0, 4]], [[0.0, 0.0, 0.0], [0, 0, 0]], [[0.78, 0.22, 0.89], [7, 2, 8]], [[0.22, 0.22, 0.33], [2, 2, 3]], [[0.22, 0.0, 0.22], [2, 0, 2]]], 1, 1, 0]
[u'file_signextend', 3, 7, 1, [[[0.14, 0.14, 0.14], [1, 1, 1]], [[0.71, 0.14, 0.71], [5, 1, 5]], [[0.14, 0.14, 0.14], [1, 1, 1]]], 1, 1, 0]
[u'SET_LENGTH', 1, 5, 0, [[[0.0, 0.0, 0.0], [0, 0, 0]]], 0, 0, 0]
[u'file_magerror', 5, 11, 2, [[[0.36, 0.0, 0.36], [4, 0, 4]], [[0.0, 0.0, 0.0], [0, 0, 0]], [[0.55, 0.0, 0.55], [6, 0, 6]], [[0.0, 0.0, 0.0], [0, 0, 0]], [[0.0, 0.0, 0.0], [0, 0, 0]]], 0, 0, 0]
[u'file_regfree', 1, 5, 0, [[[0.0, 0.0, 0.0], [0, 0, 0]]], 0, 0, 0]
[u'file_regerror', 3, 5, 1, [[[0.0, 0.0, 0.0], [0, 0, 0]], [[1.0, 0.0, 1.0], [5, 0, 5]], [[0.6, 0.0, 0.6], [3, 0, 3]]], 1, 1, 0]
[u'file_pstring_length_size', 1, 5, 0, [[[1.0, 0.0, 1.0], [5, 0, 5]]], 1, 1, 0]
[u'isprint', 1, 9, 0, [[[0.56, 0.0, 0.56], [5, 0, 5]]], 0, 0, 0]
[u'fputc', 2, 31, 0, [[[0.03, 0.0, 0.03], [1, 0, 1]], [[0.0, 0.0, 0.0], [0, 0, 0]]], 0, 0, 0]
[u'close', 1, 7, 0, [[[0.86, 0.0, 0.86], [6, 0, 6]]], 1, 1, 0]
[u'fstat', 2, 6, 0, [[[0.5, 0.0, 0.5], [3, 0, 3]], [[0.17, 0.0, 0.17], [1, 0, 1]]], 0, 0, 0]
[u'open', 3, 7, 0, [[[0.43, 0.0, 0.43], [3, 0, 3]], [[0.0, 0.0, 0.0], [0, 0, 0]], [[0.0, 0.0, 0.0], [0, 0, 0]]], 0, 0, 0]
[u'swap4', 1, 8, 0, [[[0.63, 0.0, 0.63], [5, 0, 5]]], 0, 0, 0]
[u'access', 2, 5, 0, [[[0.6, 0.0, 0.6], [3, 0, 3]], [[0.0, 0.0, 0.0], [0, 0, 0]]], 0, 0, 0]
[u'strcmp', 2, 21, 0, [[[0.52, 0.1, 0.52], [11, 2, 11]], [[0.24, 0.1, 0.24], [5, 2, 5]]], 0, 0, 0]
[u'file_printf', 6, 188, 0, [[[0.79, 0.07, 0.79], [148, 13, 148]], [[0.01, 0.01, 0.01], [2, 1, 2]], [[0.39, 0.12, 0.4], [73, 23, 75]], [[0.14, 0.06, 0.15], [27, 11, 29]], [[0.01, 0.02, 0.02], [2, 3, 3]], [[0.0, 0.0, 0.0], [0, 0, 0]]], 1, 1, 0]
[u'va_end', 1, 15, 0, [[[0.13, 0.0, 0.13], [2, 0, 2]]], 0, 0, 0]
[u'va_start', 2, 13, 0, [[[0.0, 0.0, 0.0], [0, 0, 0]], [[0.0, 0.0, 0.0], [0, 0, 0]]], 0, 0, 0]
[u'pread', 4, 12, 0, [[[0.83, 0.17, 0.92], [10, 2, 11]], [[0.75, 0.08, 0.75], [9, 1, 9]], [[0.83, 0.08, 0.83], [10, 1, 10]], [[0.83, 0.17, 0.92], [10, 2, 11]]], 1, 1, 0]
[u'malloc', 1, 5, 0, [[[0.6, 0.0, 0.6], [3, 0, 3]]], 0, 0, 0]
[u'CDF_TOLE4', 1, 31, 0, [[[0.16, 0.0, 0.16], [5, 0, 5]]], 0, 0, 0]
[u'CDF_TOLE2', 1, 17, 0, [[[0.41, 0.0, 0.41], [7, 0, 7]]], 0, 0, 0]
[u'CDF_TOLE8', 1, 9, 0, [[[0.0, 0.0, 0.0], [0, 0, 0]]], 0, 0, 0]
[u'__arraycount', 1, 20, 0, [[[0.55, 0.0, 0.55], [11, 0, 11]]], 0, 0, 0]
[u'CDF_UNPACK', 1, 26, 0, [[[0.0, 0.0, 0.0], [0, 0, 0]]], 0, 0, 0]
[u'CDF_UNPACKA', 1, 5, 0, [[[0.0, 0.0, 0.0], [0, 0, 0]]], 0, 0, 0]
[u'CDF_SEC_SIZE', 1, 10, 0, [[[0.1, 0.0, 0.1], [1, 0, 1]]], 0, 0, 0]
[u'CDF_SHORT_SEC_SIZE', 1, 5, 0, [[[0.2, 0.0, 0.2], [1, 0, 1]]], 0, 0, 0]
[u'DPRINTF', 4, 64, 1, [[[0.27, 0.0, 0.27], [17, 0, 17]], [[0.28, 0.09, 0.28], [18, 6, 18]], [[0.09, 0.09, 0.09], [6, 6, 6]], [[0.0, 0.0, 0.0], [0, 0, 0]]], 0, 0, 0]
[u'cdf_read_sector', 6, 6, 0, [[[1.0, 0.0, 1.0], [6, 0, 6]], [[1.0, 0.33, 1.0], [6, 2, 6]], [[0.67, 0.67, 0.67], [4, 4, 4]], [[1.0, 0.67, 1.0], [6, 4, 6]], [[1.0, 0.33, 1.0], [6, 2, 6]], [[1.0, 0.5, 1.0], [6, 3, 6]]], 1, 1, 0]
[u'cdf_zero_stream', 1, 10, 0, [[[0.8, 0.0, 0.8], [8, 0, 8]]], 1, 1, 0]
[u'cdf_read_user_stream', 8, 5, 0, [[[0.2, 0.0, 0.2], [1, 0, 1]], [[0.2, 0.0, 0.2], [1, 0, 1]], [[0.2, 0.0, 0.2], [1, 0, 1]], [[0.2, 0.0, 0.2], [1, 0, 1]], [[0.2, 0.0, 0.2], [1, 0, 1]], [[0.2, 0.0, 0.2], [1, 0, 1]], [[0.0, 0.0, 0.0], [0, 0, 0]], [[0.0, 0.0, 0.0], [0, 0, 0]]], 0, 0, 0]
[u'CDF_GETUINT32', 2, 5, 0, [[[1.0, 0.2, 1.0], [5, 1, 5]], [[0.6, 0.2, 0.6], [3, 1, 3]]], 1, 1, 0]
[u'cdf_check_stream_offset', 5, 6, 0, [[[0.33, 0.0, 0.33], [2, 0, 2]], [[0.33, 0.0, 0.33], [2, 0, 2]], [[0.33, 0.17, 0.33], [2, 1, 2]], [[0.17, 0.17, 0.17], [1, 1, 1]], [[0.33, 0.0, 0.33], [2, 0, 2]]], 0, 0, 0]
[u'DUMP', 2, 10, 0, [[[0.0, 0.0, 0.0], [0, 0, 0]], [[0.0, 0.0, 0.0], [0, 0, 0]]], 0, 0, 0]
[u'cdf_ctime', 2, 5, 1, [[[0.0, 0.0, 0.0], [0, 0, 0]], [[0.2, 0.0, 0.2], [1, 0, 1]]], 0, 0, 0]
[u'cdf_timestamp_to_timespec', 2, 6, 1, [[[0.0, 0.0, 0.0], [0, 0, 0]], [[0.17, 0.0, 0.17], [1, 0, 1]]], 0, 0, 0]
[u'err', 3, 13, 2, [[[0.0, 0.0, 0.0], [0, 0, 0]], [[0.0, 0.0, 0.0], [0, 0, 0]], [[0.38, 0.0, 0.38], [5, 0, 5]]], 0, 0, 0]
[u'errx', 4, 6, 2, [[[0.0, 0.0, 0.0], [0, 0, 0]], [[0.0, 0.0, 0.0], [0, 0, 0]], [[0.17, 0.0, 0.17], [1, 0, 1]], [[0.17, 0.0, 0.17], [1, 0, 1]]], 0, 0, 0]
[u'read', 3, 5, 0, [[[0.8, 0.2, 0.8], [4, 1, 4]], [[0.4, 0.4, 0.6], [2, 2, 3]], [[0.4, 0.4, 0.6], [2, 2, 3]]], 1, 1, 0]
[u'lseek', 3, 8, 0, [[[0.75, 0.25, 0.75], [6, 2, 6]], [[0.38, 0.25, 0.38], [3, 2, 3]], [[0.25, 0.0, 0.25], [2, 0, 2]]], 1, 1, 0]
[u'strlcpy', 3, 5, 0, [[[0.0, 0.4, 0.4], [0, 2, 2]], [[0.2, 0.0, 0.2], [1, 0, 1]], [[0.0, 0.4, 0.4], [0, 2, 2]]], 0, 0, 0]
[u'makeerror', 4, 8, 0, [[[0.38, 0.0, 0.38], [3, 0, 3]], [[0.13, 0.0, 0.13], [1, 0, 1]], [[0.0, 0.0, 0.0], [0, 0, 0]], [[0.0, 0.0, 0.0], [0, 0, 0]]], 0, 0, 0]
[u'closefd', 2, 6, 0, [[[0.83, 0.0, 0.83], [5, 0, 5]], [[0.17, 0.0, 0.17], [1, 0, 1]]], 1, 1, 0]
[u'exit', 1, 7, 0, [[[0.0, 0.0, 0.0], [0, 0, 0]]], 0, 0, 0]
[u'file_warn', 2, 5, 1, [[[0.0, 0.0, 0.0], [0, 0, 0]], [[0.4, 0.0, 0.4], [2, 0, 2]]], 0, 0, 0]
[u'vfprintf', 3, 5, 0, [[[0.0, 0.0, 0.0], [0, 0, 0]], [[0.0, 0.0, 0.0], [0, 0, 0]], [[0.0, 0.0, 0.0], [0, 0, 0]]], 0, 0, 0]
[u'RETURN', 3, 32, 0, [[[0.91, 1.0, 1.0], [29, 32, 32]], [[0.91, 1.0, 1.0], [29, 32, 32]], [[0.03, 0.0, 0.03], [1, 0, 1]]], 1, 1, 0]
[u'handle_mime', 3, 9, 0, [[[1.0, 1.0, 1.0], [9, 9, 9]], [[1.0, 1.0, 1.0], [9, 9, 9]], [[0.0, 0.0, 0.0], [0, 0, 0]]], 1, 1, 0]
[u'file_fmttime', 3, 10, 0, [[[0.5, 0.0, 0.5], [5, 0, 5]], [[0.0, 0.0, 0.0], [0, 0, 0]], [[0.0, 0.0, 0.0], [0, 0, 0]]], 0, 0, 0]
[u'NOTMIME', 1, 17, 0, [[[0.76, 0.0, 0.76], [13, 0, 13]]], 1, 1, 0]
[u'file_badread', 1, 11, 0, [[[0.55, 0.0, 0.55], [6, 0, 6]]], 0, 0, 0]
[u'elf_getu32', 2, 9, 0, [[[0.33, 0.0, 0.33], [3, 0, 3]], [[0.33, 0.0, 0.33], [3, 0, 3]]], 0, 0, 0]
[u'prpsoffsets', 1, 6, 0, [[[1.0, 0.0, 1.0], [6, 0, 6]]], 1, 1, 0]
[u'file_printable', 3, 5, 2, [[[0.0, 0.0, 0.0], [0, 0, 0]], [[0.0, 0.0, 0.0], [0, 0, 0]], [[0.6, 0.0, 0.6], [3, 0, 3]]], 0, 0, 0]
[u'DENY_RULE', 1, 53, 0, [[[0.0, 0.0, 0.0], [0, 0, 0]]], 0, 0, 0]
[u'SCMP_CMP', 4, 6, 1, [[[0.0, 0.0, 0.0], [0, 0, 0]], [[0.67, 0.0, 0.67], [4, 0, 4]], [[0.33, 0.33, 0.33], [2, 2, 2]], [[0.33, 0.33, 0.33], [2, 2, 2]]], 0, 0, 0]
[u'SCMP_SYS', 1, 6, 0, [[[0.5, 0.0, 0.5], [3, 0, 3]]], 0, 0, 0]
[u'seccomp_rule_add', 5, 6, 0, [[[1.0, 0.0, 1.0], [6, 0, 6]], [[0.67, 0.0, 0.67], [4, 0, 4]], [[0.83, 0.0, 0.83], [5, 0, 5]], [[0.0, 0.0, 0.0], [0, 0, 0]], [[0.83, 0.0, 0.83], [5, 0, 5]]], 1, 1, 0]
[u'ALLOW_RULE', 1, 40, 0, [[[0.0, 0.0, 0.0], [0, 0, 0]]], 0, 0, 0]
[u'print_sep', 2, 5, 0, [[[1.0, 0.0, 1.0], [5, 0, 5]], [[0.4, 0.0, 0.4], [2, 0, 2]]], 1, 1, 0]
[u'F', 3, 21, 1, [[[0.62, 0.0, 0.62], [13, 0, 13]], [[1.0, 0.0, 1.0], [21, 0, 21]], [[0.0, 0.0, 0.0], [0, 0, 0]]], 1, 1, 0]
[u'check_fmt', 2, 6, 1, [[[0.0, 0.0, 0.0], [0, 0, 0]], [[1.0, 0.0, 1.0], [6, 0, 6]]], 1, 1, 0]
[u'OFFSET_OOB', 3, 16, 0, [[[1.0, 0.0, 1.0], [16, 0, 16]], [[1.0, 0.0, 1.0], [16, 0, 16]], [[0.06, 0.0, 0.06], [1, 0, 1]]], 1, 1, 0]
[u'SEXT', 3, 20, 0, [[[1.0, 0.0, 1.0], [20, 0, 20]], [[0.0, 0.0, 0.0], [0, 0, 0]], [[0.25, 0.0, 0.25], [5, 0, 5]]], 1, 1, 0]
[u'do_ops', 3, 10, 0, [[[1.0, 1.0, 1.0], [10, 10, 10]], [[0.0, 0.0, 0.0], [0, 0, 0]], [[1.0, 1.0, 1.0], [10, 10, 10]]], 1, 1, 0]
[u'tolower', 1, 7, 0, [[[1.0, 0.0, 1.0], [7, 0, 7]]], 1, 1, 0]
[u'print_it', 4, 8, 3, [[[0.0, 0.0, 0.0], [0, 0, 0]], [[0.0, 0.0, 0.0], [0, 0, 0]], [[0.0, 0.0, 0.0], [0, 0, 0]], [[0.13, 0.0, 0.13], [1, 0, 1]]], 0, 0, 0]
[u'va_arg', 2, 8, 0, [[[0.0, 0.0, 0.0], [0, 0, 0]], [[0.0, 0.0, 0.0], [0, 0, 0]]], 0, 0, 0]
有实例的函数数量 = 484, 有参数及实例的函数数量 = 469, 实例数>1有参数函数数量 = 281, 实例数>4有参数函数数量 = 92, 实例数>9有参数函数数量 = 42
Antminer = 31, 算法1 = 32, 算法2 = 0, 
