函数总数量 = 1310
函数名称 参数数量 实例数量 最多检查的参数序号 各参数[[显式的实例比例，隐式的实例比例，检查的实例比例] [显式的实例数量，隐式的实例数量，检查的实例数量]]AntMiner 算法1 算法2
[u'TIFFClose', 1, 94, 0, [[[0.95, 0.0, 0.95], [89, 0, 89]]], 1, 1, 0]
[u'fprintf', 14, 725, 2, [[[0.06, 0.01, 0.07], [45, 8, 53]], [[0.0, 0.0, 0.0], [0, 0, 0]], [[0.26, 0.11, 0.32], [185, 78, 234]], [[0.09, 0.11, 0.15], [68, 83, 111]], [[0.02, 0.03, 0.04], [17, 20, 27]], [[0.01, 0.01, 0.01], [4, 8, 9]], [[0.01, 0.01, 0.01], [4, 5, 7]], [[0.01, 0.0, 0.01], [4, 3, 5]], [[0.0, 0.0, 0.0], [2, 2, 3]], [[0.0, 0.0, 0.0], [2, 1, 3]], [[0.0, 0.0, 0.0], [2, 1, 3]], [[0.0, 0.0, 0.0], [1, 0, 1]], [[0.0, 0.0, 0.0], [1, 0, 1]], [[0.0, 0.0, 0.0], [1, 0, 1]]], 0, 0, 0]
[u'TIFFOpen', 2, 68, 0, [[[0.16, 0.0, 0.16], [11, 0, 11]], [[0.0, 0.0, 0.0], [0, 0, 0]]], 0, 0, 0]
[u'atoi', 1, 107, 0, [[[0.59, 0.0, 0.59], [63, 0, 63]]], 0, 0, 0]
[u'strcmp', 2, 42, 0, [[[0.69, 0.05, 0.71], [29, 2, 30]], [[0.07, 0.05, 0.1], [3, 2, 4]]], 0, 1, 0]
[u'TIFFSetSubDirectory', 2, 11, 0, [[[0.64, 0.36, 0.82], [7, 4, 9]], [[0.64, 0.36, 0.82], [7, 4, 9]]], 0, 1, 0]
[u'TIFFSetDirectory', 2, 17, 0, [[[0.71, 0.35, 0.76], [12, 6, 13]], [[0.59, 0.35, 0.59], [10, 6, 10]]], 1, 1, 0]
[u'TIFFWriteDirectory', 1, 14, 0, [[[0.71, 0.0, 0.71], [10, 0, 10]]], 1, 1, 0]
[u'TIFFSetField', 5, 561, 0, [[[0.59, 0.05, 0.6], [333, 29, 339]], [[0.1, 0.05, 0.12], [54, 27, 67]], [[0.23, 0.12, 0.29], [131, 67, 160]], [[0.02, 0.04, 0.04], [13, 20, 23]], [[0.01, 0.01, 0.01], [3, 5, 5]]], 0, 0, 0]
[u'MIN', 2, 9, 0, [[[0.22, 0.22, 0.44], [2, 2, 4]], [[0.44, 0.22, 0.44], [4, 2, 4]]], 0, 0, 0]
[u'MAX', 2, 5, 0, [[[0.4, 0.0, 0.4], [2, 0, 2]], [[0.0, 0.0, 0.0], [0, 0, 0]]], 0, 0, 0]
[u'free', 1, 42, 0, [[[0.64, 0.0, 0.64], [27, 0, 27]]], 0, 0, 0]
[u'strncmp', 3, 44, 0, [[[0.75, 0.0, 0.75], [33, 0, 33]], [[0.0, 0.0, 0.0], [0, 0, 0]], [[0.0, 0.0, 0.0], [0, 0, 0]]], 1, 1, 0]
[u'malloc', 1, 53, 0, [[[0.28, 0.0, 0.28], [15, 0, 15]]], 0, 0, 0]
[u'assert', 1, 365, 0, [[[0.37, 0.0, 0.37], [134, 0, 134]]], 0, 0, 0]
[u'TIFFStripSize', 1, 33, 0, [[[0.21, 0.0, 0.21], [7, 0, 7]]], 0, 0, 0]
[u'TIFFComputeStrip', 3, 23, 0, [[[1.0, 0.35, 1.0], [23, 8, 23]], [[0.96, 0.35, 0.96], [22, 8, 22]], [[0.22, 0.0, 0.22], [5, 0, 5]]], 1, 1, 0]
[u'TIFFReadEncodedStrip', 4, 27, 0, [[[1.0, 0.85, 1.0], [27, 23, 27]], [[0.96, 0.33, 0.96], [26, 9, 26]], [[0.81, 0.81, 0.81], [22, 22, 22]], [[0.7, 0.7, 0.7], [19, 19, 19]]], 1, 1, 0]
[u'TIFFTileSize', 1, 32, 0, [[[0.38, 0.0, 0.38], [12, 0, 12]]], 0, 0, 0]
[u'TIFFComputeTile', 5, 6, 0, [[[1.0, 0.33, 1.0], [6, 2, 6]], [[0.83, 0.5, 0.83], [5, 3, 5]], [[0.83, 0.5, 0.83], [5, 3, 5]], [[0.33, 0.0, 0.33], [2, 0, 2]], [[0.67, 0.0, 0.67], [4, 0, 4]]], 1, 1, 0]
[u'TIFFReadEncodedTile', 4, 8, 0, [[[0.75, 0.5, 0.88], [6, 4, 7]], [[0.38, 0.13, 0.38], [3, 1, 3]], [[0.25, 0.38, 0.38], [2, 3, 3]], [[0.63, 0.5, 0.75], [5, 4, 6]]], 1, 1, 0]
[u'TIFFIsTiled', 1, 35, 0, [[[0.34, 0.0, 0.34], [12, 0, 12]]], 0, 0, 0]
[u'TIFFSetWarningHandler', 1, 14, 0, [[[0.14, 0.0, 0.14], [2, 0, 2]]], 0, 0, 0]
[u'_TIFFfree', 1, 476, 0, [[[0.91, 0.0, 0.91], [434, 0, 434]]], 1, 1, 0]
[u'_TIFFmalloc', 1, 274, 0, [[[0.41, 0.0, 0.41], [111, 0, 111]]], 0, 0, 0]
[u'memcpy', 3, 30, 0, [[[0.5, 0.33, 0.5], [15, 10, 15]], [[0.37, 0.1, 0.37], [11, 3, 11]], [[0.3, 0.33, 0.37], [9, 10, 11]]], 0, 0, 0]
[u'TIFFGetField', 6, 327, 0, [[[0.61, 0.02, 0.61], [201, 5, 201]], [[0.09, 0.02, 0.09], [28, 5, 28]], [[0.11, 0.03, 0.13], [36, 9, 42]], [[0.01, 0.02, 0.02], [2, 8, 8]], [[0.0, 0.01, 0.01], [1, 3, 3]], [[0.0, 0.0, 0.0], [0, 0, 0]]], 0, 0, 0]
[u'TIFFFileName', 1, 166, 0, [[[0.83, 0.0, 0.83], [138, 0, 138]]], 1, 1, 0]
[u'TIFFClientdata', 1, 7, 0, [[[0.14, 0.0, 0.14], [1, 0, 1]]], 0, 0, 0]
[u'TIFFErrorExt', 8, 481, 0, [[[0.39, 0.23, 0.5], [186, 109, 242]], [[0.08, 0.09, 0.14], [37, 41, 67]], [[0.01, 0.0, 0.01], [4, 0, 4]], [[0.21, 0.16, 0.28], [101, 78, 133]], [[0.09, 0.05, 0.11], [45, 26, 51]], [[0.03, 0.02, 0.04], [15, 10, 17]], [[0.01, 0.01, 0.01], [4, 4, 4]], [[0.0, 0.0, 0.0], [1, 1, 1]]], 0, 0, 0]
[u'TIFFGetFieldDefaulted', 4, 85, 0, [[[0.47, 0.0, 0.47], [40, 0, 40]], [[0.01, 0.0, 0.01], [1, 0, 1]], [[0.08, 0.04, 0.12], [7, 3, 10]], [[0.0, 0.04, 0.04], [0, 3, 3]]], 0, 0, 0]
[u'_TIFFmemset', 3, 59, 0, [[[0.75, 0.49, 0.76], [44, 29, 45]], [[0.0, 0.0, 0.0], [0, 0, 0]], [[0.47, 0.49, 0.53], [28, 29, 31]]], 1, 1, 0]
[u'TIFFVStripSize', 2, 6, 0, [[[1.0, 0.33, 1.0], [6, 2, 6]], [[1.0, 0.33, 1.0], [6, 2, 6]]], 1, 1, 0]
[u'TIFFWriteEncodedStrip', 4, 19, 2, [[[0.89, 0.53, 0.89], [17, 10, 17]], [[0.74, 0.42, 0.74], [14, 8, 14]], [[0.95, 0.79, 0.95], [18, 15, 18]], [[0.68, 0.68, 0.68], [13, 13, 13]]], 1, 1, 0]
[u'TIFFSwabArrayOfDouble', 2, 6, 1, [[[0.33, 0.17, 0.33], [2, 1, 2]], [[0.5, 0.17, 0.5], [3, 1, 3]]], 0, 0, 0]
[u'TIFFSwabArrayOfLong', 2, 28, 0, [[[0.68, 0.32, 0.68], [19, 9, 19]], [[0.54, 0.32, 0.54], [15, 9, 15]]], 0, 0, 0]
[u'TIFFSwabArrayOfShort', 2, 14, 0, [[[0.57, 0.29, 0.57], [8, 4, 8]], [[0.5, 0.29, 0.5], [7, 4, 7]]], 0, 0, 0]
[u'TIFFWriteScanline', 4, 35, 0, [[[0.91, 0.49, 0.91], [32, 17, 32]], [[0.74, 0.51, 0.74], [26, 18, 26]], [[0.89, 0.06, 0.89], [31, 2, 31]], [[0.03, 0.0, 0.03], [1, 0, 1]]], 1, 1, 0]
[u'exit', 1, 138, 0, [[[0.0, 0.0, 0.0], [0, 0, 0]]], 0, 0, 0]
[u'SCALE', 2, 74, 0, [[[0.14, 0.01, 0.14], [10, 1, 10]], [[0.05, 0.01, 0.05], [4, 1, 4]]], 0, 0, 0]
[u'pow', 2, 11, 0, [[[1.0, 0.55, 1.0], [11, 6, 11]], [[0.27, 0.55, 0.55], [3, 6, 6]]], 1, 1, 0]
[u'ROUND', 1, 6, 0, [[[0.0, 0.0, 0.0], [0, 0, 0]]], 0, 0, 0]
[u'atof', 1, 29, 0, [[[0.24, 0.0, 0.24], [7, 0, 7]]], 0, 0, 0]
[u'XtSetValues', 3, 9, 0, [[[0.0, 0.0, 0.0], [0, 0, 0]], [[0.0, 0.0, 0.0], [0, 0, 0]], [[0.0, 0.0, 0.0], [0, 0, 0]]], 0, 0, 0]
[u'XtSetArg', 3, 15, 2, [[[0.0, 0.0, 0.0], [0, 0, 0]], [[0.0, 0.0, 0.0], [0, 0, 0]], [[0.13, 0.0, 0.13], [2, 0, 2]]], 0, 0, 0]
[u'XtNumber', 1, 8, 0, [[[0.0, 0.0, 0.0], [0, 0, 0]]], 0, 0, 0]
[u'RootWindow', 2, 5, 0, [[[0.0, 0.2, 0.2], [0, 1, 1]], [[0.0, 0.2, 0.2], [0, 1, 1]]], 0, 0, 0]
[u'TIFFSetErrorHandler', 1, 8, 0, [[[0.13, 0.0, 0.13], [1, 0, 1]]], 0, 0, 0]
[u'setbuf', 2, 23, 0, [[[0.0, 0.0, 0.0], [0, 0, 0]], [[0.0, 0.0, 0.0], [0, 0, 0]]], 0, 0, 0]
[u'MCHECK', 1, 24, 0, [[[0.0, 0.0, 0.0], [0, 0, 0]]], 0, 0, 0]
[u'snprintf', 12, 92, 3, [[[0.04, 0.03, 0.05], [4, 3, 5]], [[0.0, 0.01, 0.01], [0, 1, 1]], [[0.0, 0.0, 0.0], [0, 0, 0]], [[0.57, 0.12, 0.6], [52, 11, 55]], [[0.01, 0.07, 0.07], [1, 6, 6]], [[0.07, 0.11, 0.11], [6, 10, 10]], [[0.01, 0.05, 0.05], [1, 5, 5]], [[0.01, 0.04, 0.04], [1, 4, 4]], [[0.01, 0.04, 0.04], [1, 4, 4]], [[0.01, 0.03, 0.03], [1, 3, 3]], [[0.03, 0.03, 0.03], [3, 3, 3]], [[0.02, 0.01, 0.02], [2, 1, 2]]], 0, 0, 0]
[u'TIFFWarning', 5, 24, 3, [[[0.0, 0.0, 0.0], [0, 0, 0]], [[0.0, 0.0, 0.0], [0, 0, 0]], [[0.04, 0.0, 0.04], [1, 0, 1]], [[0.13, 0.0, 0.13], [3, 0, 3]], [[0.04, 0.0, 0.04], [1, 0, 1]]], 0, 0, 0]
[u'TIFFReadScanline', 4, 26, 1, [[[0.69, 0.23, 0.69], [18, 6, 18]], [[1.0, 0.31, 1.0], [26, 8, 26]], [[0.96, 0.04, 0.96], [25, 1, 25]], [[0.27, 0.04, 0.27], [7, 1, 7]]], 1, 1, 0]
[u'TIFFScanlineSize', 1, 51, 0, [[[0.49, 0.0, 0.49], [25, 0, 25]]], 0, 0, 0]
[u'fputs', 2, 69, 0, [[[0.01, 0.0, 0.01], [1, 0, 1]], [[0.0, 0.0, 0.0], [0, 0, 0]]], 0, 0, 0]
[u'putc', 2, 10, 0, [[[0.1, 0.0, 0.1], [1, 0, 1]], [[0.1, 0.0, 0.1], [1, 0, 1]]], 0, 0, 0]
[u'strcpy', 2, 65, 0, [[[0.09, 0.08, 0.09], [6, 5, 6]], [[0.06, 0.08, 0.08], [4, 5, 5]]], 0, 0, 0]
[u'getc', 1, 17, 0, [[[0.65, 0.0, 0.65], [11, 0, 11]]], 0, 0, 0]
[u'strlen', 1, 63, 0, [[[0.37, 0.0, 0.37], [23, 0, 23]]], 0, 0, 0]
[u'printf', 15, 112, 1, [[[0.0, 0.0, 0.0], [0, 0, 0]], [[0.21, 0.1, 0.25], [24, 11, 28]], [[0.17, 0.14, 0.22], [19, 16, 25]], [[0.07, 0.08, 0.09], [8, 9, 10]], [[0.03, 0.04, 0.05], [3, 5, 6]], [[0.03, 0.05, 0.05], [3, 6, 6]], [[0.0, 0.02, 0.02], [0, 2, 2]], [[0.01, 0.01, 0.01], [1, 1, 1]], [[0.01, 0.01, 0.01], [1, 1, 1]], [[0.01, 0.02, 0.02], [1, 2, 2]], [[0.0, 0.0, 0.0], [0, 0, 0]], [[0.0, 0.0, 0.0], [0, 0, 0]], [[0.0, 0.01, 0.01], [0, 1, 1]], [[0.0, 0.0, 0.0], [0, 0, 0]], [[0.0, 0.0, 0.0], [0, 0, 0]]], 0, 0, 0]
[u'realloc', 2, 7, 0, [[[0.43, 0.43, 0.43], [3, 3, 3]], [[0.43, 0.43, 0.43], [3, 3, 3]]], 0, 0, 0]
[u'fgetc', 1, 7, 0, [[[1.0, 0.0, 1.0], [7, 0, 7]]], 1, 1, 0]
[u'fclose', 1, 21, 0, [[[0.9, 0.0, 0.9], [19, 0, 19]]], 1, 1, 0]
[u'fputc', 2, 15, 0, [[[0.67, 0.0, 0.67], [10, 0, 10]], [[0.67, 0.0, 0.67], [10, 0, 10]]], 0, 0, 0]
[u'fopen', 2, 15, 0, [[[0.47, 0.13, 0.47], [7, 2, 7]], [[0.13, 0.13, 0.13], [2, 2, 2]]], 0, 0, 0]
[u'tolower', 1, 12, 0, [[[0.58, 0.0, 0.58], [7, 0, 7]]], 0, 0, 0]
[u'chstore', 3, 6, 2, [[[0.0, 0.0, 0.0], [0, 0, 0]], [[0.0, 0.0, 0.0], [0, 0, 0]], [[1.0, 0.0, 1.0], [6, 0, 6]]], 1, 1, 0]
[u'extend_mem_file', 2, 5, 0, [[[1.0, 0.6, 1.0], [5, 3, 5]], [[1.0, 0.6, 1.0], [5, 3, 5]]], 1, 1, 0]
[u'sprintf', 8, 60, 3, [[[0.28, 0.07, 0.28], [17, 4, 17]], [[0.25, 0.07, 0.25], [15, 4, 15]], [[0.1, 0.07, 0.1], [6, 4, 6]], [[0.35, 0.02, 0.35], [21, 1, 21]], [[0.03, 0.0, 0.03], [2, 0, 2]], [[0.03, 0.0, 0.03], [2, 0, 2]], [[0.0, 0.0, 0.0], [0, 0, 0]], [[0.02, 0.02, 0.02], [1, 1, 1]]], 0, 0, 0]
[u'TIFFReadTile', 6, 16, 0, [[[1.0, 1.0, 1.0], [16, 16, 16]], [[1.0, 1.0, 1.0], [16, 16, 16]], [[1.0, 0.88, 1.0], [16, 14, 16]], [[1.0, 0.94, 1.0], [16, 15, 16]], [[0.0, 0.0, 0.0], [0, 0, 0]], [[0.25, 0.0, 0.25], [4, 0, 4]]], 1, 1, 0]
[u'memset', 3, 24, 0, [[[0.54, 0.21, 0.54], [13, 5, 13]], [[0.0, 0.0, 0.0], [0, 0, 0]], [[0.54, 0.21, 0.54], [13, 5, 13]]], 0, 0, 0]
[u'TIFFFieldSet', 2, 103, 0, [[[0.54, 0.0, 0.54], [56, 0, 56]], [[0.35, 0.0, 0.35], [36, 0, 36]]], 0, 0, 0]
[u'TIFFSetFieldBit', 2, 14, 0, [[[0.71, 0.0, 0.71], [10, 0, 10]], [[0.14, 0.0, 0.14], [2, 0, 2]]], 1, 1, 0]
[u'TIFFDataWidth', 1, 22, 0, [[[0.5, 0.0, 0.5], [11, 0, 11]]], 0, 0, 0]
[u'CheckMalloc', 3, 8, 1, [[[0.63, 0.25, 0.63], [5, 2, 5]], [[0.75, 0.25, 0.75], [6, 2, 6]], [[0.13, 0.0, 0.13], [1, 0, 1]]], 1, 1, 0]
[u'_TIFFFieldWithTag', 2, 11, 1, [[[0.36, 0.09, 0.36], [4, 1, 4]], [[0.45, 0.09, 0.45], [5, 1, 5]]], 0, 0, 0]
[u'_TIFFmemcpy', 3, 111, 2, [[[0.63, 0.47, 0.65], [70, 52, 72]], [[0.46, 0.31, 0.48], [51, 34, 53]], [[0.74, 0.49, 0.74], [82, 54, 82]]], 1, 1, 0]
[u'ReadOK', 3, 27, 0, [[[1.0, 0.07, 1.0], [27, 2, 27]], [[0.56, 0.07, 0.56], [15, 2, 15]], [[0.15, 0.07, 0.15], [4, 2, 4]]], 1, 1, 0]
[u'SeekOK', 2, 20, 0, [[[0.95, 0.6, 1.0], [19, 12, 20]], [[0.65, 0.6, 0.7], [13, 12, 14]]], 1, 1, 0]
[u'isMapped', 1, 13, 0, [[[0.54, 0.0, 0.54], [7, 0, 7]]], 0, 0, 0]
[u'TIFFFetchData', 3, 8, 1, [[[0.13, 0.13, 0.13], [1, 1, 1]], [[0.75, 0.13, 0.75], [6, 1, 6]], [[0.13, 0.13, 0.13], [1, 1, 1]]], 1, 1, 0]
[u'TIFFSwabLong', 1, 90, 0, [[[0.66, 0.0, 0.66], [59, 0, 59]]], 0, 0, 0]
[u'TIFFFetchShortArray', 3, 5, 1, [[[0.4, 0.4, 0.4], [2, 2, 2]], [[1.0, 0.4, 1.0], [5, 2, 5]], [[0.6, 0.6, 0.6], [3, 3, 3]]], 1, 1, 0]
[u'NITEMS', 1, 5, 0, [[[0.0, 0.0, 0.0], [0, 0, 0]]], 0, 0, 0]
[u'TIFFhowmany', 2, 11, 0, [[[1.0, 1.0, 1.0], [11, 11, 11]], [[1.0, 1.0, 1.0], [11, 11, 11]]], 1, 1, 0]
[u'TIFFWriteData', 3, 7, 1, [[[0.14, 0.0, 0.14], [1, 0, 1]], [[0.29, 0.0, 0.29], [2, 0, 2]], [[0.14, 0.0, 0.14], [1, 0, 1]]], 0, 0, 0]
[u'WriteOK', 3, 23, 0, [[[0.96, 0.17, 1.0], [22, 4, 23]], [[0.26, 0.13, 0.26], [6, 3, 6]], [[0.3, 0.22, 0.35], [7, 5, 8]]], 1, 1, 0]
[u'TIFFSeekFile', 3, 35, 0, [[[0.91, 0.46, 0.91], [32, 16, 32]], [[0.51, 0.46, 0.51], [18, 16, 18]], [[0.0, 0.0, 0.0], [0, 0, 0]]], 1, 1, 0]
[u'TIFFSwabShort', 1, 57, 0, [[[0.75, 0.0, 0.75], [43, 0, 43]]], 1, 1, 0]
[u'TIFFClientOpen', 10, 7, 0, [[[0.14, 0.0, 0.14], [1, 0, 1]], [[0.0, 0.0, 0.0], [0, 0, 0]], [[0.14, 0.0, 0.14], [1, 0, 1]], [[0.0, 0.0, 0.0], [0, 0, 0]], [[0.0, 0.0, 0.0], [0, 0, 0]], [[0.0, 0.0, 0.0], [0, 0, 0]], [[0.0, 0.0, 0.0], [0, 0, 0]], [[0.0, 0.0, 0.0], [0, 0, 0]], [[0.0, 0.14, 0.14], [0, 1, 1]], [[0.0, 0.14, 0.14], [0, 1, 1]]], 0, 0, 0]
[u'PARENT', 2, 7, 0, [[[0.29, 0.0, 0.29], [2, 0, 2]], [[0.14, 0.0, 0.14], [1, 0, 1]]], 0, 0, 0]
[u'XTIFFDIR', 1, 5, 0, [[[0.0, 0.0, 0.0], [0, 0, 0]]], 0, 0, 0]
[u'va_end', 1, 18, 0, [[[0.22, 0.0, 0.22], [4, 0, 4]]], 0, 0, 0]
[u'TIFFMEMBER', 2, 7, 0, [[[0.43, 0.0, 0.43], [3, 0, 3]], [[0.0, 0.0, 0.0], [0, 0, 0]]], 0, 0, 0]
[u'va_arg', 2, 83, 0, [[[0.0, 0.0, 0.0], [0, 0, 0]], [[0.0, 0.0, 0.0], [0, 0, 0]]], 0, 0, 0]
[u'CleanupField', 1, 17, 0, [[[0.0, 0.0, 0.0], [0, 0, 0]]], 0, 0, 0]
[u'TIFFFdOpen', 3, 9, 0, [[[0.78, 0.78, 0.78], [7, 7, 7]], [[0.78, 0.78, 0.78], [7, 7, 7]], [[0.78, 0.78, 0.78], [7, 7, 7]]], 1, 1, 0]
[u'TIFFRGBAImageEnd', 1, 9, 0, [[[0.33, 0.0, 0.33], [3, 0, 3]]], 0, 0, 0]
[u'TIFFRGBAImageGet', 4, 5, 0, [[[1.0, 0.0, 1.0], [5, 0, 5]], [[0.2, 0.4, 0.4], [1, 2, 2]], [[0.6, 1.0, 1.0], [3, 5, 5]], [[0.6, 1.0, 1.0], [3, 5, 5]]], 1, 1, 0]
[u'TIFFRGBAImageBegin', 4, 5, 1, [[[0.0, 0.0, 0.0], [0, 0, 0]], [[0.6, 0.0, 0.6], [3, 0, 3]], [[0.0, 0.0, 0.0], [0, 0, 0]], [[0.2, 0.0, 0.2], [1, 0, 1]]], 0, 0, 0]
[u'TIFFRGBAImageOK', 2, 5, 0, [[[0.6, 0.0, 0.6], [3, 0, 3]], [[0.0, 0.0, 0.0], [0, 0, 0]]], 0, 0, 0]
[u'TIFFGetG', 1, 5, 0, [[[0.6, 0.0, 0.6], [3, 0, 3]]], 0, 0, 0]
[u'TIFFGetB', 1, 6, 0, [[[0.67, 0.0, 0.67], [4, 0, 4]]], 0, 0, 0]
[u'TIFFGetR', 1, 6, 0, [[[0.67, 0.0, 0.67], [4, 0, 4]]], 0, 0, 0]
[u'setorientation', 2, 5, 0, [[[1.0, 0.0, 1.0], [5, 0, 5]], [[0.0, 0.0, 0.0], [0, 0, 0]]], 1, 1, 0]
[u'CVT', 1, 18, 0, [[[1.0, 0.0, 1.0], [18, 0, 18]]], 1, 1, 0]
[u'checkcmap', 5, 6, 0, [[[0.83, 0.0, 0.83], [5, 0, 5]], [[0.17, 0.17, 0.33], [1, 1, 2]], [[0.0, 0.5, 0.5], [0, 3, 3]], [[0.0, 0.5, 0.5], [0, 3, 3]], [[0.0, 0.33, 0.33], [0, 2, 2]]], 1, 1, 0]
[u'FillTable', 4, 15, 0, [[[0.0, 0.0, 0.0], [0, 0, 0]], [[0.0, 0.0, 0.0], [0, 0, 0]], [[0.0, 0.0, 0.0], [0, 0, 0]], [[0.0, 0.0, 0.0], [0, 0, 0]]], 0, 0, 0]
[u'getopt', 3, 26, 0, [[[0.12, 0.0, 0.12], [3, 0, 3]], [[0.12, 0.0, 0.12], [3, 0, 3]], [[0.0, 0.0, 0.0], [0, 0, 0]]], 0, 0, 0]
[u'_TIFFrealloc', 2, 21, 1, [[[0.76, 0.43, 0.95], [16, 9, 20]], [[0.81, 0.43, 1.0], [17, 9, 21]]], 1, 1, 0]
[u'va_start', 2, 11, 0, [[[0.0, 0.0, 0.0], [0, 0, 0]], [[0.0, 0.0, 0.0], [0, 0, 0]]], 0, 0, 0]
[u'TIFFFreeDirectory', 1, 6, 0, [[[0.83, 0.0, 0.83], [5, 0, 5]]], 1, 1, 0]
[u'TIFFFindCODEC', 1, 6, 0, [[[0.0, 0.0, 0.0], [0, 0, 0]]], 0, 0, 0]
[u'TIFFmin', 2, 13, 0, [[[0.23, 0.23, 0.23], [3, 3, 3]], [[0.23, 0.23, 0.23], [3, 3, 3]]], 0, 0, 0]
[u'CLAMP', 3, 62, 0, [[[0.05, 0.0, 0.05], [3, 0, 3]], [[0.0, 0.0, 0.0], [0, 0, 0]], [[0.0, 0.0, 0.0], [0, 0, 0]]], 0, 0, 0]
[u'Code2V', 4, 6, 1, [[[0.5, 0.0, 0.5], [3, 0, 3]], [[0.0, 1.0, 1.0], [0, 6, 6]], [[0.0, 1.0, 1.0], [0, 6, 6]], [[0.0, 0.0, 0.0], [0, 0, 0]]], 0, 1, 0]
[u'TIFFroundup_32', 2, 8, 0, [[[0.5, 0.0, 0.5], [4, 0, 4]], [[0.0, 0.0, 0.0], [0, 0, 0]]], 0, 0, 0]
[u'_TIFFSetDefaultCompressionState', 1, 10, 0, [[[0.2, 0.0, 0.2], [2, 0, 2]]], 0, 0, 0]
[u'setByteArray', 4, 9, 1, [[[0.0, 0.0, 0.0], [0, 0, 0]], [[0.0, 0.11, 0.11], [0, 1, 1]], [[0.0, 0.11, 0.11], [0, 1, 1]], [[0.0, 0.0, 0.0], [0, 0, 0]]], 0, 0, 0]
[u'TIFFFieldWithTag', 2, 18, 1, [[[0.61, 0.33, 0.61], [11, 6, 11]], [[0.89, 0.33, 0.89], [16, 6, 16]]], 1, 1, 0]
[u'_TIFFCheckMalloc', 4, 17, 0, [[[0.76, 0.12, 0.76], [13, 2, 13]], [[0.65, 0.18, 0.65], [11, 3, 11]], [[0.12, 0.06, 0.12], [2, 1, 2]], [[0.06, 0.0, 0.06], [1, 0, 1]]], 1, 1, 0]
[u'TIFFWarningExt', 9, 52, 0, [[[0.42, 0.23, 0.54], [22, 12, 28]], [[0.04, 0.12, 0.12], [2, 6, 6]], [[0.0, 0.0, 0.0], [0, 0, 0]], [[0.42, 0.25, 0.44], [22, 13, 23]], [[0.25, 0.23, 0.27], [13, 12, 14]], [[0.06, 0.08, 0.1], [3, 4, 5]], [[0.04, 0.06, 0.06], [2, 3, 3]], [[0.0, 0.02, 0.02], [0, 1, 1]], [[0.0, 0.02, 0.02], [0, 1, 1]]], 0, 0, 0]
[u'TIFFClrFieldBit', 2, 6, 0, [[[0.67, 0.0, 0.67], [4, 0, 4]], [[0.17, 0.0, 0.17], [1, 0, 1]]], 0, 0, 0]
[u'TIFFFindField', 3, 8, 0, [[[0.13, 0.0, 0.13], [1, 0, 1]], [[0.0, 0.0, 0.0], [0, 0, 0]], [[0.0, 0.0, 0.0], [0, 0, 0]]], 0, 0, 0]
[u'_TIFFFillStriles', 1, 19, 0, [[[0.47, 0.0, 0.47], [9, 0, 9]]], 0, 0, 0]
[u'TIFFDefaultDirectory', 1, 6, 0, [[[0.67, 0.0, 0.67], [4, 0, 4]]], 0, 0, 0]
[u'TIFFSwabLong8', 1, 55, 0, [[[0.75, 0.0, 0.75], [41, 0, 41]]], 1, 1, 0]
[u'TIFFReadDirectory', 1, 18, 0, [[[0.89, 0.0, 0.89], [16, 0, 16]]], 1, 1, 0]
[u'_TIFFMergeFields', 3, 15, 0, [[[0.4, 0.13, 0.4], [6, 2, 6]], [[0.13, 0.2, 0.2], [2, 3, 3]], [[0.07, 0.13, 0.13], [1, 2, 2]]], 0, 0, 0]
[u'streq', 2, 75, 0, [[[0.56, 0.0, 0.56], [42, 0, 42]], [[0.0, 0.0, 0.0], [0, 0, 0]]], 0, 0, 0]
[u'TIFFReadDirEntryCheckedSlong8', 3, 6, 1, [[[0.0, 0.0, 0.0], [0, 0, 0]], [[1.0, 0.0, 1.0], [6, 0, 6]], [[0.0, 0.0, 0.0], [0, 0, 0]]], 1, 1, 0]
[u'TIFFReadDirEntryCheckedLong8', 3, 7, 1, [[[0.0, 0.0, 0.0], [0, 0, 0]], [[1.0, 0.0, 1.0], [7, 0, 7]], [[0.0, 0.0, 0.0], [0, 0, 0]]], 1, 1, 0]
[u'TIFFReadDirEntryCheckedSlong', 3, 6, 1, [[[0.0, 0.0, 0.0], [0, 0, 0]], [[1.0, 0.0, 1.0], [6, 0, 6]], [[0.0, 0.0, 0.0], [0, 0, 0]]], 1, 1, 0]
[u'TIFFReadDirEntryCheckedLong', 3, 7, 1, [[[0.0, 0.0, 0.0], [0, 0, 0]], [[1.0, 0.0, 1.0], [7, 0, 7]], [[0.0, 0.0, 0.0], [0, 0, 0]]], 1, 1, 0]
[u'TIFFReadDirEntryCheckedSshort', 3, 6, 1, [[[0.0, 0.0, 0.0], [0, 0, 0]], [[1.0, 0.0, 1.0], [6, 0, 6]], [[0.0, 0.0, 0.0], [0, 0, 0]]], 1, 1, 0]
[u'TIFFReadDirEntryCheckedShort', 3, 6, 1, [[[0.0, 0.0, 0.0], [0, 0, 0]], [[1.0, 0.0, 1.0], [6, 0, 6]], [[0.0, 0.0, 0.0], [0, 0, 0]]], 1, 1, 0]
[u'TIFFReadDirEntryCheckedSbyte', 3, 6, 1, [[[0.0, 0.0, 0.0], [0, 0, 0]], [[1.0, 0.0, 1.0], [6, 0, 6]], [[0.0, 0.0, 0.0], [0, 0, 0]]], 1, 1, 0]
[u'TIFFReadDirEntryCheckedByte', 3, 6, 1, [[[0.0, 0.0, 0.0], [0, 0, 0]], [[1.0, 0.0, 1.0], [6, 0, 6]], [[0.0, 0.0, 0.0], [0, 0, 0]]], 1, 1, 0]
[u'TIFFReadDirEntryData', 4, 8, 0, [[[1.0, 0.25, 1.0], [8, 2, 8]], [[0.38, 0.25, 0.38], [3, 2, 3]], [[0.25, 0.25, 0.25], [2, 2, 2]], [[0.25, 0.25, 0.25], [2, 2, 2]]], 1, 1, 0]
[u'TIFFReadDirEntryArray', 5, 11, 1, [[[0.0, 0.0, 0.0], [0, 0, 0]], [[1.0, 0.0, 1.0], [11, 0, 11]], [[0.0, 0.0, 0.0], [0, 0, 0]], [[0.0, 0.0, 0.0], [0, 0, 0]], [[0.0, 0.0, 0.0], [0, 0, 0]]], 1, 1, 0]
[u'TIFFSwabArrayOfLong8', 2, 10, 0, [[[0.7, 0.2, 0.7], [7, 2, 7]], [[0.3, 0.2, 0.3], [3, 2, 3]]], 1, 1, 0]
[u'TIFFReadDirEntryShortArray', 3, 6, 0, [[[1.0, 0.0, 1.0], [6, 0, 6]], [[0.83, 0.0, 0.83], [5, 0, 5]], [[0.0, 0.0, 0.0], [0, 0, 0]]], 1, 1, 0]
[u'isTiled', 1, 37, 0, [[[0.62, 0.0, 0.62], [23, 0, 23]]], 0, 0, 0]
[u'TIFFReadDirEntryOutputErr', 5, 7, 0, [[[1.0, 1.0, 1.0], [7, 7, 7]], [[1.0, 1.0, 1.0], [7, 7, 7]], [[0.0, 0.0, 0.0], [0, 0, 0]], [[0.71, 0.57, 0.71], [5, 4, 5]], [[0.0, 0.0, 0.0], [0, 0, 0]]], 1, 1, 0]
[u'TIFFNumberOfTiles', 1, 9, 0, [[[0.89, 0.0, 0.89], [8, 0, 8]]], 1, 1, 0]
[u'TIFFNumberOfStrips', 1, 30, 0, [[[0.53, 0.0, 0.53], [16, 0, 16]]], 0, 0, 0]
[u'TIFFReadDirectoryFindFieldInfo', 3, 5, 0, [[[0.8, 0.4, 0.8], [4, 2, 4]], [[0.8, 0.4, 0.8], [4, 2, 4]], [[0.0, 0.0, 0.0], [0, 0, 0]]], 1, 1, 0]
[u'TIFFReadDirEntryByteArray', 3, 6, 0, [[[1.0, 0.0, 1.0], [6, 0, 6]], [[0.5, 0.0, 0.5], [3, 0, 3]], [[0.0, 0.0, 0.0], [0, 0, 0]]], 1, 1, 0]
[u'isUpSampled', 1, 5, 0, [[[0.4, 0.0, 0.4], [2, 0, 2]]], 0, 0, 0]
[u'TIFFWriteDirectoryTagShortArray', 6, 6, 0, [[[1.0, 0.17, 1.0], [6, 1, 6]], [[0.83, 0.0, 0.83], [5, 0, 5]], [[0.83, 0.17, 0.83], [5, 1, 5]], [[0.83, 0.17, 0.83], [5, 1, 5]], [[0.5, 0.33, 0.5], [3, 2, 3]], [[1.0, 0.17, 1.0], [6, 1, 6]]], 1, 1, 0]
[u'TIFFWriteDirectoryTagShort', 5, 10, 0, [[[1.0, 0.9, 1.0], [10, 9, 10]], [[1.0, 0.0, 1.0], [10, 0, 10]], [[1.0, 0.9, 1.0], [10, 9, 10]], [[1.0, 0.0, 1.0], [10, 0, 10]], [[1.0, 0.9, 1.0], [10, 9, 10]]], 1, 1, 0]
[u'TIFFWriteDirectoryTagShortPerSample', 5, 5, 0, [[[1.0, 0.8, 1.0], [5, 4, 5]], [[0.8, 0.0, 0.8], [4, 0, 4]], [[0.8, 0.8, 0.8], [4, 4, 4]], [[0.8, 0.0, 0.8], [4, 0, 4]], [[0.8, 0.8, 0.8], [4, 4, 4]]], 1, 1, 0]
[u'TIFFWriteDirectoryTagShortLong', 5, 5, 0, [[[1.0, 1.0, 1.0], [5, 5, 5]], [[1.0, 0.0, 1.0], [5, 0, 5]], [[1.0, 1.0, 1.0], [5, 5, 5]], [[1.0, 0.0, 1.0], [5, 0, 5]], [[1.0, 1.0, 1.0], [5, 5, 5]]], 1, 1, 0]
[u'TIFFFlushData1', 1, 20, 0, [[[0.95, 0.0, 0.95], [19, 0, 19]]], 1, 1, 0]
[u'TIFFWriteDirectoryTagCheckedShortArray', 6, 5, 2, [[[0.6, 0.6, 0.6], [3, 3, 3]], [[0.0, 0.0, 0.0], [0, 0, 0]], [[1.0, 0.0, 1.0], [5, 0, 5]], [[0.0, 0.0, 0.0], [0, 0, 0]], [[0.6, 0.6, 0.6], [3, 3, 3]], [[0.8, 0.8, 0.8], [4, 4, 4]]], 1, 1, 0]
[u'TIFFWriteDirectoryTagData', 8, 27, 5, [[[0.0, 0.0, 0.0], [0, 0, 0]], [[0.0, 0.0, 0.0], [0, 0, 0]], [[0.0, 0.0, 0.0], [0, 0, 0]], [[0.0, 0.0, 0.0], [0, 0, 0]], [[0.0, 0.0, 0.0], [0, 0, 0]], [[0.07, 0.59, 0.59], [2, 16, 16]], [[0.07, 0.59, 0.59], [2, 16, 16]], [[0.0, 0.0, 0.0], [0, 0, 0]]], 0, 0, 0]
[u'DecoderState', 1, 32, 0, [[[0.22, 0.0, 0.22], [7, 0, 7]]], 0, 0, 0]
[u'UNCACHE_STATE', 2, 8, 1, [[[0.0, 0.0, 0.0], [0, 0, 0]], [[0.63, 0.0, 0.63], [5, 0, 5]]], 0, 0, 0]
[u'fflush', 1, 5, 0, [[[0.0, 0.0, 0.0], [0, 0, 0]]], 0, 0, 0]
[u'EncoderState', 1, 36, 0, [[[0.17, 0.0, 0.17], [6, 0, 6]]], 0, 0, 0]
[u'is2DEncoding', 1, 5, 0, [[[0.6, 0.0, 0.6], [3, 0, 3]]], 0, 0, 0]
[u'TIFFSafeMultiply', 3, 19, 1, [[[0.11, 0.0, 0.11], [2, 0, 2]], [[0.68, 0.21, 0.79], [13, 4, 15]], [[0.16, 0.21, 0.26], [3, 4, 5]]], 0, 1, 0]
[u'TIFFTileRowSize', 1, 17, 0, [[[0.53, 0.0, 0.53], [9, 0, 9]]], 0, 0, 0]
[u'Fax3State', 1, 7, 0, [[[0.14, 0.0, 0.14], [1, 0, 1]]], 0, 0, 0]
[u'_PutBits', 3, 6, 1, [[[0.17, 0.33, 0.33], [1, 2, 2]], [[0.33, 0.67, 0.67], [2, 4, 4]], [[0.5, 0.67, 0.67], [3, 4, 4]]], 0, 0, 0]
[u'Fax3FlushBits', 2, 5, 0, [[[1.0, 1.0, 1.0], [5, 5, 5]], [[1.0, 1.0, 1.0], [5, 5, 5]]], 1, 1, 0]
[u'putspan', 3, 6, 1, [[[0.0, 0.0, 0.0], [0, 0, 0]], [[1.0, 0.0, 1.0], [6, 0, 6]], [[0.0, 0.0, 0.0], [0, 0, 0]]], 1, 1, 0]
[u'PIXEL', 2, 8, 0, [[[0.75, 0.75, 0.75], [6, 6, 6]], [[0.75, 0.75, 0.75], [6, 6, 6]]], 1, 1, 0]
[u'finddiff', 4, 5, 0, [[[0.6, 0.6, 0.6], [3, 3, 3]], [[0.6, 0.6, 0.6], [3, 3, 3]], [[0.6, 0.6, 0.6], [3, 3, 3]], [[0.0, 0.0, 0.0], [0, 0, 0]]], 0, 0, 0]
[u'TIFFArrayCount', 1, 10, 0, [[[0.0, 0.0, 0.0], [0, 0, 0]]], 0, 0, 0]
[u'_TIFFRewriteField', 5, 6, 0, [[[1.0, 0.0, 1.0], [6, 0, 6]], [[0.33, 0.0, 0.33], [2, 0, 2]], [[0.17, 0.0, 0.17], [1, 0, 1]], [[1.0, 0.33, 1.0], [6, 2, 6]], [[0.33, 0.33, 0.33], [2, 2, 2]]], 1, 1, 0]
[u'YCbCrtoRGB', 2, 16, 0, [[[0.0, 0.0, 0.0], [0, 0, 0]], [[0.0, 0.0, 0.0], [0, 0, 0]]], 0, 0, 0]
[u'GREY', 1, 15, 0, [[[1.0, 0.0, 1.0], [15, 0, 15]]], 1, 1, 0]
[u'CMAP', 1, 15, 0, [[[1.0, 0.0, 1.0], [15, 0, 15]]], 1, 1, 0]
[u'BuildMapBitdepth16To8', 1, 6, 0, [[[1.0, 0.0, 1.0], [6, 0, 6]]], 1, 1, 0]
[u'TIFFReverseBits', 2, 20, 1, [[[0.85, 0.45, 0.85], [17, 9, 17]], [[0.9, 0.45, 0.9], [18, 9, 18]]], 1, 1, 0]
[u'isFillOrder', 2, 15, 0, [[[0.8, 0.13, 0.8], [12, 2, 12]], [[0.6, 0.13, 0.6], [9, 2, 9]]], 1, 1, 0]
[u'CALLVJPEG', 2, 12, 0, [[[0.0, 0.0, 0.0], [0, 0, 0]], [[0.0, 0.0, 0.0], [0, 0, 0]]], 0, 0, 0]
[u'CALLJPEG', 3, 7, 0, [[[0.0, 0.0, 0.0], [0, 0, 0]], [[0.0, 0.0, 0.0], [0, 0, 0]], [[0.0, 0.0, 0.0], [0, 0, 0]]], 0, 0, 0]
[u'JState', 1, 23, 0, [[[0.09, 0.0, 0.09], [2, 0, 2]]], 0, 0, 0]
[u'JPEGFixupTagsSubsamplingSkip', 2, 5, 0, [[[1.0, 0.0, 1.0], [5, 0, 5]], [[0.2, 0.0, 0.2], [1, 0, 1]]], 1, 1, 0]
[u'JPEGFixupTagsSubsamplingReadByte', 2, 6, 0, [[[0.83, 0.0, 0.83], [5, 0, 5]], [[0.5, 0.0, 0.5], [3, 0, 3]]], 1, 1, 0]
[u'TIFFReadFile', 3, 10, 0, [[[1.0, 0.3, 1.0], [10, 3, 10]], [[0.5, 0.3, 0.5], [5, 3, 5]], [[0.5, 0.3, 0.5], [5, 3, 5]]], 1, 1, 0]
[u'TIFFhowmany_32', 2, 23, 1, [[[0.61, 0.52, 0.7], [14, 12, 16]], [[0.78, 0.52, 0.87], [18, 12, 20]]], 1, 1, 0]
[u'memcmp', 3, 9, 0, [[[0.33, 0.22, 0.44], [3, 2, 4]], [[0.22, 0.11, 0.22], [2, 1, 2]], [[0.33, 0.22, 0.33], [3, 2, 3]]], 0, 0, 0]
[u'exp', 1, 6, 0, [[[0.67, 0.0, 0.67], [4, 0, 4]]], 0, 0, 0]
[u'itrunc', 2, 10, 0, [[[0.5, 0.0, 0.5], [5, 0, 5]], [[0.4, 0.0, 0.4], [4, 0, 4]]], 0, 0, 0]
[u'sqrt', 1, 7, 0, [[[0.29, 0.0, 0.29], [2, 0, 2]]], 0, 0, 0]
[u'fabs', 1, 5, 0, [[[0.2, 0.0, 0.2], [1, 0, 1]]], 0, 0, 0]
[u'multiply_ms', 2, 14, 0, [[[0.43, 0.29, 0.43], [6, 4, 6]], [[0.29, 0.29, 0.29], [4, 4, 4]]], 0, 0, 0]
[u'LZMAStrerror', 1, 6, 0, [[[1.0, 0.0, 1.0], [6, 0, 6]]], 1, 1, 0]
[u'TIFFPredictorInit', 1, 5, 0, [[[1.0, 0.0, 1.0], [5, 0, 5]]], 1, 1, 0]
[u'MAXCODE', 1, 11, 0, [[[0.27, 0.0, 0.27], [3, 0, 3]]], 0, 0, 0]
[u'PutNextCode', 2, 6, 0, [[[0.83, 0.17, 0.83], [5, 1, 5]], [[0.33, 0.17, 0.33], [2, 1, 2]]], 1, 1, 0]
[u'SETPIXEL', 2, 7, 1, [[[0.14, 0.86, 0.86], [1, 6, 6]], [[0.29, 0.86, 1.0], [2, 6, 7]]], 0, 1, 0]
[u'OJPEGReadByte', 2, 13, 0, [[[0.92, 0.0, 0.92], [12, 0, 12]], [[0.77, 0.0, 0.77], [10, 0, 10]]], 1, 1, 0]
[u'OJPEGReadSkip', 2, 5, 0, [[[1.0, 0.0, 1.0], [5, 0, 5]], [[0.6, 0.0, 0.6], [3, 0, 3]]], 1, 1, 0]
[u'OJPEGReadWord', 2, 9, 0, [[[0.67, 0.0, 0.67], [6, 0, 6]], [[0.33, 0.0, 0.33], [3, 0, 3]]], 0, 0, 0]
[u'SETJMP', 1, 5, 0, [[[0.0, 0.0, 0.0], [0, 0, 0]]], 0, 0, 0]
[u'_TIFFgetMode', 2, 8, 0, [[[0.0, 0.0, 0.0], [0, 0, 0]], [[0.0, 0.0, 0.0], [0, 0, 0]]], 0, 0, 0]
[u'CLAMP12', 1, 16, 0, [[[0.06, 0.0, 0.06], [1, 0, 1]]], 0, 0, 0]
[u'PredictorState', 1, 20, 0, [[[0.0, 0.0, 0.0], [0, 0, 0]]], 0, 0, 0]
[u'strchr', 2, 62, 0, [[[0.82, 0.0, 0.82], [51, 0, 51]], [[0.03, 0.0, 0.03], [2, 0, 2]]], 1, 1, 0]
[u'TIFFReadBufferSetup', 3, 5, 0, [[[1.0, 0.8, 1.0], [5, 4, 5]], [[0.0, 0.0, 0.0], [0, 0, 0]], [[1.0, 0.8, 1.0], [5, 4, 5]]], 1, 1, 0]
[u'TIFFCheckRead', 2, 6, 0, [[[0.0, 0.0, 0.0], [0, 0, 0]], [[0.0, 0.0, 0.0], [0, 0, 0]]], 0, 0, 0]
[u'_TIFFMultiply32', 4, 5, 1, [[[0.6, 0.4, 0.6], [3, 2, 3]], [[0.4, 0.8, 0.8], [2, 4, 4]], [[0.4, 0.4, 0.8], [2, 2, 4]], [[0.0, 0.0, 0.0], [0, 0, 0]]], 0, 1, 0]
[u'_TIFFMultiply64', 4, 18, 0, [[[0.94, 0.67, 0.94], [17, 12, 17]], [[0.83, 0.89, 0.89], [15, 16, 16]], [[0.83, 0.5, 0.89], [15, 9, 16]], [[0.0, 0.39, 0.39], [0, 7, 7]]], 1, 1, 0]
[u'TIFFhowmany8_64', 1, 5, 0, [[[0.6, 0.0, 0.6], [3, 0, 3]]], 0, 0, 0]
[u'read', 3, 36, 0, [[[0.86, 0.06, 0.86], [31, 2, 31]], [[0.75, 0.28, 0.75], [27, 10, 27]], [[0.28, 0.28, 0.28], [10, 10, 10]]], 1, 1, 0]
[u'_TIFF_lseek_f', 3, 14, 1, [[[0.64, 0.07, 0.64], [9, 1, 9]], [[0.71, 0.07, 0.71], [10, 1, 10]], [[0.5, 0.0, 0.5], [7, 0, 7]]], 1, 1, 0]
[u'close', 1, 10, 0, [[[0.8, 0.0, 0.8], [8, 0, 8]]], 1, 1, 0]
[u'strerror', 1, 20, 0, [[[0.05, 0.0, 0.05], [1, 0, 1]]], 0, 0, 0]
[u'open', 7, 6, 1, [[[0.17, 0.0, 0.17], [1, 0, 1]], [[0.5, 0.0, 0.5], [3, 0, 3]], [[0.0, 0.0, 0.0], [0, 0, 0]], [[0.0, 0.0, 0.0], [0, 0, 0]], [[0.0, 0.0, 0.0], [0, 0, 0]], [[0.0, 0.0, 0.0], [0, 0, 0]], [[0.0, 0.0, 0.0], [0, 0, 0]]], 0, 0, 0]
[u'WideCharToMultiByte', 8, 6, 2, [[[0.0, 0.0, 0.0], [0, 0, 0]], [[0.0, 0.0, 0.0], [0, 0, 0]], [[1.0, 0.5, 1.0], [6, 3, 6]], [[0.0, 0.0, 0.0], [0, 0, 0]], [[0.5, 1.0, 1.0], [3, 6, 6]], [[0.5, 0.5, 0.5], [3, 3, 3]], [[0.0, 1.0, 1.0], [0, 6, 6]], [[0.0, 1.0, 1.0], [0, 6, 6]]], 1, 1, 0]
[u'vfprintf', 3, 6, 0, [[[0.0, 0.0, 0.0], [0, 0, 0]], [[0.0, 0.0, 0.0], [0, 0, 0]], [[0.0, 0.0, 0.0], [0, 0, 0]]], 0, 0, 0]
[u'CloseHandle', 1, 6, 0, [[[0.83, 0.0, 0.83], [5, 0, 5]]], 1, 1, 0]
[u'MultiByteToWideChar', 6, 10, 2, [[[0.0, 0.0, 0.0], [0, 0, 0]], [[0.0, 0.0, 0.0], [0, 0, 0]], [[0.9, 0.6, 1.0], [9, 6, 10]], [[0.1, 0.2, 0.2], [1, 2, 2]], [[0.9, 0.5, 0.9], [9, 5, 9]], [[0.5, 0.5, 0.5], [5, 5, 5]]], 1, 1, 0]
[u'TIFFAppendToStrip', 4, 7, 0, [[[1.0, 0.43, 1.0], [7, 3, 7]], [[1.0, 0.57, 1.0], [7, 4, 7]], [[0.43, 0.43, 0.43], [3, 3, 3]], [[0.57, 0.57, 0.57], [4, 4, 4]]], 1, 1, 0]
[u'SAFE_MSG', 1, 7, 0, [[[1.0, 0.0, 1.0], [7, 0, 7]]], 1, 1, 0]
[u'isdigit', 1, 12, 0, [[[0.08, 0.0, 0.08], [1, 0, 1]]], 0, 0, 0]
[u'unlink', 1, 12, 0, [[[0.58, 0.0, 0.58], [7, 0, 7]]], 0, 0, 0]
[u'CheckLongField', 3, 7, 0, [[[1.0, 0.0, 1.0], [7, 0, 7]], [[1.0, 0.14, 1.0], [7, 1, 7]], [[1.0, 0.14, 1.0], [7, 1, 7]]], 1, 1, 0]
[u'CheckShortField', 3, 5, 0, [[[1.0, 0.0, 1.0], [5, 0, 5]], [[1.0, 0.2, 1.0], [5, 1, 5]], [[1.0, 0.2, 1.0], [5, 1, 5]]], 1, 1, 0]
[u'TIFFError', 7, 489, 2, [[[0.07, 0.0, 0.07], [34, 1, 35]], [[0.0, 0.0, 0.0], [0, 0, 0]], [[0.37, 0.07, 0.38], [182, 35, 186]], [[0.1, 0.07, 0.1], [47, 33, 51]], [[0.02, 0.02, 0.03], [12, 11, 13]], [[0.01, 0.01, 0.01], [6, 7, 7]], [[0.0, 0.0, 0.0], [1, 1, 1]]], 0, 0, 0]
[u'TIFFDefaultStripSize', 2, 18, 0, [[[0.61, 0.11, 0.61], [11, 2, 11]], [[0.33, 0.11, 0.33], [6, 2, 6]]], 0, 0, 0]
[u'usage', 1, 91, 0, [[[0.0, 0.0, 0.0], [0, 0, 0]]], 0, 0, 0]
[u'processCompressOptions', 1, 12, 0, [[[0.0, 0.0, 0.0], [0, 0, 0]]], 0, 0, 0]
[u'putchar', 1, 19, 0, [[[0.05, 0.0, 0.05], [1, 0, 1]]], 0, 0, 0]
[u'fileno', 1, 7, 0, [[[0.14, 0.0, 0.14], [1, 0, 1]]], 0, 0, 0]
[u'TIFFhowmany8', 1, 5, 0, [[[0.6, 0.0, 0.6], [3, 0, 3]]], 0, 0, 0]
[u'atol', 1, 6, 0, [[[0.67, 0.0, 0.67], [4, 0, 4]]], 0, 0, 0]
[u'strneq', 3, 51, 0, [[[0.98, 0.0, 0.98], [50, 0, 50]], [[0.0, 0.0, 0.0], [0, 0, 0]], [[0.0, 0.0, 0.0], [0, 0, 0]]], 1, 1, 0]
[u'fread', 4, 12, 3, [[[0.42, 0.25, 0.42], [5, 3, 5]], [[0.25, 0.25, 0.25], [3, 3, 3]], [[0.33, 0.0, 0.33], [4, 0, 4]], [[0.75, 0.17, 0.75], [9, 2, 9]]], 1, 1, 0]
[u'DRAWSEGMENT', 2, 5, 0, [[[0.0, 0.0, 0.0], [0, 0, 0]], [[0.0, 0.0, 0.0], [0, 0, 0]]], 0, 0, 0]
[u'CopyField', 2, 128, 1, [[[0.0, 0.0, 0.0], [0, 0, 0]], [[0.1, 0.0, 0.1], [13, 0, 13]]], 0, 0, 0]
[u'CopyField2', 3, 12, 1, [[[0.0, 0.0, 0.0], [0, 0, 0]], [[0.0, 0.5, 0.5], [0, 6, 6]], [[0.0, 0.5, 0.5], [0, 6, 6]]], 0, 0, 0]
[u'CopyField4', 5, 5, 1, [[[0.0, 0.0, 0.0], [0, 0, 0]], [[0.0, 1.0, 1.0], [0, 5, 5]], [[0.0, 1.0, 1.0], [0, 5, 5]], [[0.0, 1.0, 1.0], [0, 5, 5]], [[0.0, 1.0, 1.0], [0, 5, 5]]], 0, 1, 0]
[u'cpTag', 5, 7, 0, [[[0.71, 0.0, 0.71], [5, 0, 5]], [[0.0, 0.0, 0.0], [0, 0, 0]], [[0.14, 0.43, 0.43], [1, 3, 3]], [[0.14, 0.43, 0.43], [1, 3, 3]], [[0.14, 0.43, 0.43], [1, 3, 3]]], 1, 1, 0]
[u'BadPPM', 1, 7, 0, [[[1.0, 0.0, 1.0], [7, 0, 7]]], 1, 1, 0]
[u'V2Code', 4, 7, 1, [[[0.14, 0.0, 0.14], [1, 0, 1]], [[0.0, 1.0, 1.0], [0, 7, 7]], [[0.0, 1.0, 1.0], [0, 7, 7]], [[0.0, 0.0, 0.0], [0, 0, 0]]], 0, 1, 0]
[u'setupLuma', 1, 6, 0, [[[0.0, 0.0, 0.0], [0, 0, 0]]], 0, 0, 0]
[u'getrow', 4, 9, 0, [[[1.0, 1.0, 1.0], [9, 9, 9]], [[1.0, 1.0, 1.0], [9, 9, 9]], [[1.0, 1.0, 1.0], [9, 9, 9]], [[0.11, 0.0, 0.11], [1, 0, 1]]], 1, 1, 0]
[u'strtoul', 3, 11, 0, [[[0.09, 0.0, 0.09], [1, 0, 1]], [[0.0, 0.0, 0.0], [0, 0, 0]], [[0.0, 0.0, 0.0], [0, 0, 0]]], 0, 0, 0]
[u'TIFFReadRawStrip', 4, 11, 0, [[[0.82, 0.27, 0.82], [9, 3, 9]], [[0.82, 0.36, 0.82], [9, 4, 9]], [[0.82, 0.45, 0.82], [9, 5, 9]], [[0.64, 0.09, 0.64], [7, 1, 7]]], 1, 1, 0]
[u'TIFFReadRawTile', 4, 8, 0, [[[0.63, 0.38, 0.63], [5, 3, 5]], [[0.38, 0.25, 0.38], [3, 2, 3]], [[0.63, 0.38, 0.63], [5, 3, 5]], [[0.63, 0.13, 0.63], [5, 1, 5]]], 0, 0, 0]
[u'expFill', 3, 6, 0, [[[0.0, 0.0, 0.0], [0, 0, 0]], [[0.0, 0.0, 0.0], [0, 0, 0]], [[0.0, 0.0, 0.0], [0, 0, 0]]], 0, 0, 0]
[u'ceil', 1, 16, 0, [[[0.81, 0.0, 0.81], [13, 0, 13]]], 1, 1, 0]
[u'fwrite', 4, 10, 3, [[[0.3, 0.3, 0.3], [3, 3, 3]], [[0.4, 0.3, 0.4], [4, 3, 4]], [[0.0, 0.0, 0.0], [0, 0, 0]], [[0.6, 0.0, 0.6], [6, 0, 6]]], 0, 0, 0]
[u't2pSeekFile', 3, 7, 1, [[[0.14, 0.29, 0.43], [1, 2, 3]], [[0.29, 0.29, 0.57], [2, 2, 4]], [[0.0, 0.0, 0.0], [0, 0, 0]]], 0, 0, 0]
[u'strncpy', 3, 14, 0, [[[0.71, 0.64, 0.71], [10, 9, 10]], [[0.36, 0.57, 0.71], [5, 8, 10]], [[0.5, 0.5, 0.5], [7, 7, 7]]], 1, 1, 0]
[u'checkAdd64', 3, 13, 2, [[[0.92, 0.92, 0.92], [12, 12, 12]], [[0.46, 0.23, 0.46], [6, 3, 6]], [[1.0, 0.92, 1.0], [13, 12, 13]]], 1, 1, 0]
[u't2p_tile_is_bottom_edge', 2, 8, 1, [[[0.0, 0.0, 0.0], [0, 0, 0]], [[0.5, 0.0, 0.5], [4, 0, 4]]], 0, 0, 0]
[u't2p_tile_is_right_edge', 2, 9, 1, [[[0.0, 0.0, 0.0], [0, 0, 0]], [[0.56, 0.0, 0.56], [5, 0, 5]]], 0, 0, 0]
[u't2pWriteFile', 3, 246, 1, [[[0.0, 0.0, 0.0], [0, 0, 0]], [[0.04, 0.24, 0.26], [10, 59, 64]], [[0.15, 0.24, 0.26], [38, 59, 64]]], 0, 0, 0]
[u'check_snprintf_ret', 3, 55, 1, [[[0.55, 0.87, 0.91], [30, 48, 50]], [[0.55, 1.0, 1.0], [30, 55, 55]], [[0.0, 1.0, 1.0], [0, 55, 55]]], 0, 1, 0]
[u't2p_write_pdf_string', 2, 12, 0, [[[0.92, 0.0, 0.92], [11, 0, 11]], [[0.0, 0.0, 0.0], [0, 0, 0]]], 1, 1, 0]
[u't2p_write_pdf_stream', 3, 5, 0, [[[0.0, 0.8, 0.8], [0, 4, 4]], [[0.4, 0.8, 0.8], [2, 4, 4]], [[0.0, 0.0, 0.0], [0, 0, 0]]], 0, 1, 0]
[u't2p_write_pdf_stream_dict', 3, 5, 2, [[[0.2, 0.2, 0.2], [1, 1, 1]], [[0.2, 0.2, 0.2], [1, 1, 1]], [[0.4, 0.4, 0.4], [2, 2, 2]]], 0, 0, 0]
[u't2p_write_pdf_obj_end', 1, 14, 0, [[[0.79, 0.0, 0.79], [11, 0, 11]]], 1, 1, 0]
[u't2p_write_pdf_obj_start', 2, 14, 0, [[[1.0, 1.0, 1.0], [14, 14, 14]], [[0.79, 1.0, 1.0], [11, 14, 14]]], 1, 1, 0]
[u't2p_write_pdf_stream_end', 1, 6, 0, [[[1.0, 0.0, 1.0], [6, 0, 6]]], 1, 1, 0]
[u't2p_write_pdf_stream_start', 1, 6, 0, [[[1.0, 0.0, 1.0], [6, 0, 6]]], 1, 1, 0]
[u't2p_write_pdf_stream_dict_end', 1, 6, 0, [[[1.0, 0.0, 1.0], [6, 0, 6]]], 1, 1, 0]
[u't2p_write_pdf_stream_dict_start', 1, 6, 0, [[[1.0, 0.0, 1.0], [6, 0, 6]]], 1, 1, 0]
[u'PUTHEX', 2, 12, 0, [[[1.0, 0.0, 1.0], [12, 0, 12]], [[0.0, 0.0, 0.0], [0, 0, 0]]], 1, 1, 0]
[u'DOBREAK', 3, 7, 0, [[[0.0, 0.29, 0.29], [0, 2, 2]], [[0.0, 0.29, 0.29], [0, 2, 2]], [[0.0, 0.0, 0.0], [0, 0, 0]]], 0, 0, 0]
[u'PUTRGBHEX', 2, 15, 0, [[[1.0, 0.0, 1.0], [15, 0, 15]], [[0.0, 0.0, 0.0], [0, 0, 0]]], 1, 1, 0]
[u'CmpShortField', 2, 16, 0, [[[0.0, 0.0, 0.0], [0, 0, 0]], [[0.0, 0.0, 0.0], [0, 0, 0]]], 0, 0, 0]
[u'CmpStringField', 2, 9, 0, [[[0.0, 0.0, 0.0], [0, 0, 0]], [[0.0, 0.0, 0.0], [0, 0, 0]]], 0, 0, 0]
[u'CmpLongField', 2, 6, 0, [[[0.0, 0.0, 0.0], [0, 0, 0]], [[0.0, 0.0, 0.0], [0, 0, 0]]], 0, 0, 0]
[u'TIFFCurrentDirectory', 1, 5, 0, [[[0.2, 0.0, 0.2], [1, 0, 1]]], 0, 0, 0]
[u'CopyTag', 3, 38, 0, [[[0.0, 0.08, 0.08], [0, 3, 3]], [[0.0, 0.08, 0.08], [0, 3, 3]], [[0.0, 0.08, 0.08], [0, 3, 3]]], 0, 0, 0]
[u'TIFFCurrentTile', 1, 5, 0, [[[1.0, 0.0, 1.0], [5, 0, 5]]], 1, 1, 0]
[u'extractContigSamplesBytes', 9, 6, 0, [[[1.0, 1.0, 1.0], [6, 6, 6]], [[1.0, 1.0, 1.0], [6, 6, 6]], [[1.0, 1.0, 1.0], [6, 6, 6]], [[1.0, 0.0, 1.0], [6, 0, 6]], [[1.0, 1.0, 1.0], [6, 6, 6]], [[1.0, 1.0, 1.0], [6, 6, 6]], [[1.0, 0.83, 1.0], [6, 5, 6]], [[0.67, 0.5, 0.67], [4, 3, 4]], [[1.0, 1.0, 1.0], [6, 6, 6]]], 1, 1, 0]
[u'dump_buffer', 6, 16, 0, [[[1.0, 0.25, 1.0], [16, 4, 16]], [[0.25, 0.25, 0.25], [4, 4, 4]], [[0.06, 0.06, 0.06], [1, 1, 1]], [[0.25, 0.75, 0.81], [4, 12, 13]], [[1.0, 0.88, 1.0], [16, 14, 16]], [[1.0, 0.88, 1.0], [16, 14, 16]]], 1, 1, 0]
[u'dump_info', 11, 56, 0, [[[1.0, 0.27, 1.0], [56, 15, 56]], [[0.29, 0.27, 0.29], [16, 15, 16]], [[0.0, 0.0, 0.0], [0, 0, 0]], [[0.0, 0.0, 0.0], [0, 0, 0]], [[0.48, 0.45, 0.5], [27, 25, 28]], [[0.29, 0.46, 0.46], [16, 26, 26]], [[0.3, 0.41, 0.41], [17, 23, 23]], [[0.29, 0.36, 0.36], [16, 20, 20]], [[0.32, 0.32, 0.32], [18, 18, 18]], [[0.18, 0.18, 0.18], [10, 10, 10]], [[0.02, 0.02, 0.02], [1, 1, 1]]], 1, 1, 0]
[u'strtok', 2, 10, 0, [[[0.5, 0.0, 0.5], [5, 0, 5]], [[0.0, 0.0, 0.0], [0, 0, 0]]], 0, 0, 0]
[u'update_output_file', 5, 7, 2, [[[0.14, 0.0, 0.14], [1, 0, 1]], [[0.14, 0.0, 0.14], [1, 0, 1]], [[0.29, 0.0, 0.29], [2, 0, 2]], [[0.14, 0.0, 0.14], [1, 0, 1]], [[0.14, 0.0, 0.14], [1, 0, 1]]], 0, 0, 0]
[u'writeCroppedImage', 9, 6, 4, [[[0.67, 0.17, 0.67], [4, 1, 4]], [[0.5, 0.0, 0.5], [3, 0, 3]], [[0.5, 0.0, 0.5], [3, 0, 3]], [[0.5, 0.0, 0.5], [3, 0, 3]], [[1.0, 1.0, 1.0], [6, 6, 6]], [[1.0, 1.0, 1.0], [6, 6, 6]], [[0.5, 0.0, 0.5], [3, 0, 3]], [[0.5, 0.0, 0.5], [3, 0, 3]], [[0.67, 0.17, 0.67], [4, 1, 4]]], 1, 1, 0]
[u'dump_data', 5, 12, 0, [[[1.0, 0.0, 1.0], [12, 0, 12]], [[0.0, 0.0, 0.0], [0, 0, 0]], [[0.0, 0.0, 0.0], [0, 0, 0]], [[1.0, 0.08, 1.0], [12, 1, 12]], [[0.08, 0.08, 0.08], [1, 1, 1]]], 1, 1, 0]
[u'dump_byte', 4, 26, 0, [[[1.0, 0.0, 1.0], [26, 0, 26]], [[0.0, 0.0, 0.0], [0, 0, 0]], [[0.0, 0.0, 0.0], [0, 0, 0]], [[0.92, 0.0, 0.92], [24, 0, 24]]], 1, 1, 0]
[u'dump_short', 4, 6, 0, [[[1.0, 0.0, 1.0], [6, 0, 6]], [[0.0, 0.0, 0.0], [0, 0, 0]], [[0.0, 0.0, 0.0], [0, 0, 0]], [[1.0, 0.0, 1.0], [6, 0, 6]]], 1, 1, 0]
[u'dump_long', 4, 18, 0, [[[1.0, 0.0, 1.0], [18, 0, 18]], [[0.0, 0.0, 0.0], [0, 0, 0]], [[0.0, 0.0, 0.0], [0, 0, 0]], [[0.78, 0.0, 0.78], [14, 0, 14]]], 1, 1, 0]
[u'dump_wide', 4, 6, 0, [[[1.0, 0.0, 1.0], [6, 0, 6]], [[0.0, 0.0, 0.0], [0, 0, 0]], [[0.0, 0.0, 0.0], [0, 0, 0]], [[1.0, 0.0, 1.0], [6, 0, 6]]], 1, 1, 0]
[u'Fatal', 3, 7, 1, [[[0.0, 0.0, 0.0], [0, 0, 0]], [[0.14, 0.29, 0.29], [1, 2, 2]], [[0.14, 0.29, 0.29], [1, 2, 2]]], 0, 0, 0]
[u'ReadError', 1, 5, 0, [[[0.0, 0.0, 0.0], [0, 0, 0]]], 0, 0, 0]
[u'tiffinfo', 4, 8, 0, [[[1.0, 0.0, 1.0], [8, 0, 8]], [[0.0, 0.0, 0.0], [0, 0, 0]], [[0.0, 0.0, 0.0], [0, 0, 0]], [[0.0, 0.0, 0.0], [0, 0, 0]]], 1, 1, 0]
[u'TIFFFieldTag', 1, 15, 0, [[[1.0, 0.0, 1.0], [15, 0, 15]]], 1, 1, 0]
[u'TIFFFieldDataType', 1, 7, 0, [[[1.0, 0.0, 1.0], [7, 0, 7]]], 1, 1, 0]
[u'abs', 1, 12, 0, [[[0.0, 0.0, 0.0], [0, 0, 0]]], 0, 0, 0]
有实例的函数数量 = 1239, 有参数及实例的函数数量 = 1193, 实例数>1有参数函数数量 = 711, 实例数>4有参数函数数量 = 290, 实例数>9有参数函数数量 = 155
Antminer = 127, 算法1 = 137, 算法2 = 0, 
