函数总数量 = 1094
函数名称 参数数量 实例数量 最多检查的参数序号 各参数[[显式的实例比例，隐式的实例比例，检查的实例比例] [显式的实例数量，隐式的实例数量，检查的实例数量]]AntMiner 算法1 算法2
[u'SASR', 2, 38, 0, [[[0.5, 0.11, 0.53], [19, 4, 20]], [[0.08, 0.11, 0.11], [3, 4, 4]]], 0, 0, 0]
[u'assert', 1, 174, 0, [[[0.14, 0.0, 0.14], [24, 0, 24]]], 0, 0, 0]
[u'memcpy', 3, 56, 2, [[[0.34, 0.41, 0.5], [19, 23, 28]], [[0.41, 0.43, 0.5], [23, 24, 28]], [[0.36, 0.52, 0.55], [20, 29, 31]]], 0, 0, 0]
[u'GSM_ADD', 2, 23, 0, [[[0.52, 0.65, 0.83], [12, 15, 19]], [[0.35, 0.65, 0.65], [8, 15, 15]]], 0, 1, 0]
[u'GSM_MULT_R', 2, 14, 1, [[[0.36, 0.43, 0.43], [5, 6, 6]], [[0.5, 0.43, 0.5], [7, 6, 7]]], 0, 0, 0]
[u'memset', 3, 45, 0, [[[0.18, 0.38, 0.4], [8, 17, 18]], [[0.0, 0.0, 0.0], [0, 0, 0]], [[0.18, 0.38, 0.4], [8, 17, 18]]], 0, 0, 0]
[u'malloc', 1, 10, 0, [[[0.0, 0.0, 0.0], [0, 0, 0]]], 0, 0, 0]
[u'free', 1, 286, 0, [[[0.28, 0.0, 0.28], [79, 0, 79]]], 0, 0, 0]
[u'gsm_norm', 1, 10, 0, [[[1.0, 0.0, 1.0], [10, 0, 10]]], 1, 1, 0]
[u'GSM_ABS', 1, 8, 0, [[[0.88, 0.0, 0.88], [7, 0, 7]]], 1, 1, 0]
[u'STEP', 4, 109, 0, [[[0.0, 0.0, 0.0], [0, 0, 0]], [[0.0, 0.0, 0.0], [0, 0, 0]], [[0.0, 0.0, 0.0], [0, 0, 0]], [[0.0, 0.0, 0.0], [0, 0, 0]]], 0, 0, 0]
[u'STEP_H', 1, 15, 0, [[[0.0, 0.0, 0.0], [0, 0, 0]]], 0, 0, 0]
[u'STEP_G', 1, 15, 0, [[[0.0, 0.0, 0.0], [0, 0, 0]]], 0, 0, 0]
[u'STEP_F', 1, 15, 0, [[[0.0, 0.0, 0.0], [0, 0, 0]]], 0, 0, 0]
[u'STEP_E', 1, 15, 0, [[[0.0, 0.0, 0.0], [0, 0, 0]]], 0, 0, 0]
[u'STEP_D', 1, 15, 0, [[[0.0, 0.0, 0.0], [0, 0, 0]]], 0, 0, 0]
[u'STEP_C', 1, 15, 0, [[[0.0, 0.0, 0.0], [0, 0, 0]]], 0, 0, 0]
[u'STEP_B', 1, 15, 0, [[[0.0, 0.0, 0.0], [0, 0, 0]]], 0, 0, 0]
[u'STEP_A', 1, 15, 0, [[[0.0, 0.0, 0.0], [0, 0, 0]]], 0, 0, 0]
[u'FILTER', 5, 8, 0, [[[0.0, 0.0, 0.0], [0, 0, 0]], [[0.0, 0.0, 0.0], [0, 0, 0]], [[0.0, 0.0, 0.0], [0, 0, 0]], [[0.0, 0.0, 0.0], [0, 0, 0]], [[0.0, 0.0, 0.0], [0, 0, 0]]], 0, 0, 0]
[u'LARp_to_rp', 1, 8, 0, [[[0.0, 0.0, 0.0], [0, 0, 0]]], 0, 0, 0]
[u'sqrt', 1, 53, 0, [[[0.62, 0.0, 0.62], [33, 0, 33]]], 0, 0, 0]
[u'min', 2, 124, 0, [[[0.4, 0.27, 0.49], [50, 33, 61]], [[0.31, 0.27, 0.4], [38, 33, 49]]], 0, 0, 0]
[u'abs', 1, 19, 0, [[[0.74, 0.0, 0.74], [14, 0, 14]]], 1, 1, 0]
[u'max', 2, 101, 0, [[[0.48, 0.33, 0.52], [48, 33, 53]], [[0.37, 0.33, 0.42], [37, 33, 42]]], 0, 0, 0]
[u'floor', 1, 18, 0, [[[0.56, 0.0, 0.56], [10, 0, 10]]], 0, 0, 0]
[u'exp', 1, 33, 0, [[[0.67, 0.0, 0.67], [22, 0, 22]]], 0, 0, 0]
[u'log', 1, 42, 0, [[[0.64, 0.0, 0.64], [27, 0, 27]]], 0, 0, 0]
[u'i_nint', 1, 9, 0, [[[0.0, 0.0, 0.0], [0, 0, 0]]], 0, 0, 0]
[u'lsx_tell', 1, 21, 0, [[[0.57, 0.0, 0.57], [12, 0, 12]]], 0, 0, 0]
[u'lsx_readdw', 2, 86, 0, [[[0.88, 0.0, 0.88], [76, 0, 76]], [[0.05, 0.0, 0.05], [4, 0, 4]]], 1, 1, 0]
[u'lsx_fail_errno', 6, 256, 0, [[[0.98, 0.12, 0.98], [250, 31, 250]], [[0.07, 0.01, 0.07], [19, 2, 19]], [[0.0, 0.0, 0.0], [0, 0, 0]], [[0.18, 0.09, 0.18], [46, 24, 46]], [[0.05, 0.03, 0.05], [13, 7, 13]], [[0.01, 0.01, 0.01], [3, 2, 3]]], 1, 1, 0]
[u'strncmp', 3, 71, 0, [[[0.79, 0.0, 0.79], [56, 0, 56]], [[0.1, 0.0, 0.1], [7, 0, 7]], [[0.06, 0.0, 0.06], [4, 0, 4]]], 1, 1, 0]
[u'lsx_seeki', 3, 65, 0, [[[0.68, 0.25, 0.74], [44, 16, 48]], [[0.4, 0.25, 0.46], [26, 16, 30]], [[0.17, 0.0, 0.17], [11, 0, 11]]], 0, 1, 0]
[u'lsx_debug', 10, 133, 1, [[[0.0, 0.0, 0.0], [0, 0, 0]], [[0.38, 0.25, 0.49], [50, 33, 65]], [[0.24, 0.32, 0.36], [32, 43, 48]], [[0.14, 0.19, 0.19], [18, 25, 25]], [[0.06, 0.11, 0.11], [8, 14, 14]], [[0.02, 0.05, 0.05], [3, 6, 7]], [[0.01, 0.04, 0.04], [1, 5, 5]], [[0.01, 0.03, 0.03], [1, 4, 4]], [[0.01, 0.02, 0.02], [1, 3, 3]], [[0.01, 0.01, 0.01], [1, 1, 1]]], 0, 0, 0]
[u'lsx_readbuf', 3, 46, 1, [[[0.59, 0.17, 0.63], [27, 8, 29]], [[0.52, 0.43, 0.65], [24, 20, 30]], [[0.37, 0.43, 0.5], [17, 20, 23]]], 0, 0, 0]
[u'lsx_malloc', 1, 94, 0, [[[0.41, 0.0, 0.41], [39, 0, 39]]], 0, 0, 0]
[u'lsx_readw', 2, 62, 0, [[[0.85, 0.0, 0.85], [53, 0, 53]], [[0.1, 0.0, 0.1], [6, 0, 6]]], 1, 1, 0]
[u'lsx_reads', 3, 27, 0, [[[0.85, 0.0, 0.85], [23, 0, 23]], [[0.56, 0.07, 0.56], [15, 2, 15]], [[0.22, 0.07, 0.22], [6, 2, 6]]], 1, 1, 0]
[u'lsx_writeb', 2, 72, 0, [[[0.81, 0.08, 0.81], [58, 6, 58]], [[0.24, 0.08, 0.24], [17, 6, 17]]], 1, 1, 0]
[u'fclose', 1, 13, 0, [[[0.62, 0.0, 0.62], [8, 0, 8]]], 0, 0, 0]
[u'lsx_writebuf', 3, 28, 0, [[[0.54, 0.32, 0.57], [15, 9, 16]], [[0.32, 0.5, 0.5], [9, 14, 14]], [[0.36, 0.46, 0.54], [10, 13, 15]]], 0, 0, 0]
[u'fread', 4, 5, 3, [[[0.4, 0.2, 0.4], [2, 1, 2]], [[0.2, 0.0, 0.2], [1, 0, 1]], [[0.6, 0.4, 0.6], [3, 2, 3]], [[0.8, 0.4, 0.8], [4, 2, 4]]], 1, 1, 0]
[u'feof', 1, 6, 0, [[[0.83, 0.0, 0.83], [5, 0, 5]]], 1, 1, 0]
[u'lsx_writedw', 2, 89, 0, [[[0.48, 0.31, 0.63], [43, 28, 56]], [[0.24, 0.31, 0.38], [21, 28, 34]]], 0, 0, 0]
[u'lsx_writes', 2, 55, 0, [[[0.56, 0.02, 0.56], [31, 1, 31]], [[0.04, 0.02, 0.04], [2, 1, 2]]], 0, 0, 0]
[u'lsx_writew', 2, 84, 0, [[[0.75, 0.13, 0.77], [63, 11, 65]], [[0.15, 0.13, 0.18], [13, 11, 15]]], 1, 1, 0]
[u'lsx_debug_more', 12, 34, 1, [[[0.0, 0.0, 0.0], [0, 0, 0]], [[0.53, 0.12, 0.56], [18, 4, 19]], [[0.21, 0.12, 0.24], [7, 4, 8]], [[0.03, 0.09, 0.09], [1, 3, 3]], [[0.0, 0.03, 0.03], [0, 1, 1]], [[0.0, 0.03, 0.03], [0, 1, 1]], [[0.0, 0.03, 0.03], [0, 1, 1]], [[0.0, 0.03, 0.03], [0, 1, 1]], [[0.0, 0.03, 0.03], [0, 1, 1]], [[0.0, 0.03, 0.03], [0, 1, 1]], [[0.0, 0.03, 0.03], [0, 1, 1]], [[0.0, 0.03, 0.03], [0, 1, 1]]], 0, 0, 0]
[u'range_limit', 3, 9, 0, [[[0.33, 0.33, 0.56], [3, 3, 5]], [[0.11, 0.22, 0.22], [1, 2, 2]], [[0.11, 0.33, 0.33], [1, 3, 3]]], 0, 0, 0]
[u'SOX_SIGNED_16BIT_TO_SAMPLE', 2, 8, 0, [[[0.38, 0.0, 0.38], [3, 0, 3]], [[0.0, 0.0, 0.0], [0, 0, 0]]], 0, 0, 0]
[u'lsx_read_b_buf', 3, 7, 0, [[[0.71, 0.0, 0.71], [5, 0, 5]], [[0.29, 0.0, 0.29], [2, 0, 2]], [[0.0, 0.0, 0.0], [0, 0, 0]]], 1, 1, 0]
[u'SOX_SAMPLE_TO_SIGNED_16BIT', 2, 15, 1, [[[0.27, 0.2, 0.27], [4, 3, 4]], [[0.4, 0.2, 0.6], [6, 3, 9]]], 0, 0, 0]
[u'lsx_check_read_params', 7, 13, 0, [[[0.85, 0.08, 0.85], [11, 1, 11]], [[0.08, 0.15, 0.23], [1, 2, 3]], [[0.08, 0.15, 0.15], [1, 2, 2]], [[0.23, 0.15, 0.31], [3, 2, 4]], [[0.08, 0.15, 0.15], [1, 2, 2]], [[0.15, 0.23, 0.31], [2, 3, 4]], [[0.0, 0.0, 0.0], [0, 0, 0]]], 1, 1, 0]
[u'lsx_report', 7, 114, 1, [[[0.0, 0.0, 0.0], [0, 0, 0]], [[0.32, 0.06, 0.35], [37, 7, 40]], [[0.09, 0.07, 0.11], [10, 8, 13]], [[0.03, 0.04, 0.04], [3, 4, 5]], [[0.02, 0.04, 0.04], [2, 4, 4]], [[0.02, 0.04, 0.04], [2, 4, 4]], [[0.01, 0.02, 0.02], [1, 2, 2]]], 0, 0, 0]
[u'lsx_readb', 2, 46, 0, [[[0.93, 0.0, 0.93], [43, 0, 43]], [[0.28, 0.0, 0.28], [13, 0, 13]]], 1, 1, 0]
[u'lsx_warn', 4, 116, 1, [[[0.0, 0.0, 0.0], [0, 0, 0]], [[0.36, 0.03, 0.38], [42, 4, 44]], [[0.11, 0.06, 0.13], [13, 7, 15]], [[0.03, 0.03, 0.03], [4, 3, 4]]], 0, 0, 0]
[u'lsx_eof', 1, 14, 0, [[[1.0, 0.0, 1.0], [14, 0, 14]]], 1, 1, 0]
[u'sox_append_comments', 2, 8, 1, [[[0.0, 0.0, 0.0], [0, 0, 0]], [[0.75, 0.0, 0.75], [6, 0, 6]]], 1, 1, 0]
[u'lsx_readsb', 2, 6, 0, [[[1.0, 0.0, 1.0], [6, 0, 6]], [[0.0, 0.0, 0.0], [0, 0, 0]]], 1, 1, 0]
[u'lsx_realloc', 2, 21, 0, [[[0.76, 0.67, 0.81], [16, 14, 17]], [[0.76, 0.67, 0.81], [16, 14, 17]]], 1, 1, 0]
[u'strcmp', 2, 71, 0, [[[0.38, 0.03, 0.39], [27, 2, 28]], [[0.14, 0.03, 0.15], [10, 2, 11]]], 0, 0, 0]
[u'lsx_rawstartwrite', 1, 6, 0, [[[0.5, 0.0, 0.5], [3, 0, 3]]], 0, 0, 0]
[u'lsx_rawwrite', 3, 7, 0, [[[0.57, 0.14, 0.71], [4, 1, 5]], [[0.0, 0.0, 0.0], [0, 0, 0]], [[0.0, 0.14, 0.14], [0, 1, 1]]], 0, 1, 0]
[u'strlen', 1, 67, 0, [[[0.49, 0.0, 0.49], [33, 0, 33]]], 0, 0, 0]
[u'lsx_cat_comments', 1, 7, 0, [[[0.0, 0.0, 0.0], [0, 0, 0]]], 0, 0, 0]
[u'ldexp', 2, 5, 0, [[[0.6, 0.0, 0.6], [3, 0, 3]], [[0.6, 0.0, 0.6], [3, 0, 3]]], 0, 0, 0]
[u'_', 2, 16, 1, [[[0.0, 0.0, 0.0], [0, 0, 0]], [[0.13, 0.0, 0.13], [2, 0, 2]]], 0, 0, 0]
[u'SOX_SAMPLE_TO_SIGNED_32BIT', 2, 5, 1, [[[0.6, 0.4, 0.6], [3, 2, 3]], [[0.4, 0.4, 0.8], [2, 2, 4]]], 0, 1, 0]
[u'lsx_swapw', 1, 5, 0, [[[0.4, 0.0, 0.4], [2, 0, 2]]], 0, 0, 0]
[u'SOX_SAMPLE_TO_UNSIGNED_8BIT', 2, 8, 1, [[[0.38, 0.38, 0.38], [3, 3, 3]], [[0.38, 0.38, 0.75], [3, 3, 6]]], 0, 1, 0]
[u'stop', 1, 7, 0, [[[0.86, 0.0, 0.86], [6, 0, 6]]], 1, 1, 0]
[u'lsx_calloc', 2, 64, 0, [[[0.33, 0.03, 0.33], [21, 2, 21]], [[0.13, 0.03, 0.13], [8, 2, 8]]], 0, 0, 0]
[u'LSX_DLLIBRARY_CLOSE', 2, 7, 0, [[[0.29, 0.0, 0.29], [2, 0, 2]], [[0.0, 0.0, 0.0], [0, 0, 0]]], 0, 0, 0]
[u'lsx_fail', 4, 197, 1, [[[0.0, 0.0, 0.0], [0, 0, 0]], [[0.25, 0.03, 0.26], [50, 5, 52]], [[0.05, 0.03, 0.06], [10, 5, 12]], [[0.01, 0.0, 0.01], [2, 0, 2]]], 0, 0, 0]
[u'memcmp', 3, 21, 0, [[[0.48, 0.0, 0.48], [10, 0, 10]], [[0.19, 0.0, 0.19], [4, 0, 4]], [[0.0, 0.0, 0.0], [0, 0, 0]]], 0, 0, 0]
[u'lsx_readchars', 3, 13, 0, [[[0.54, 0.08, 0.54], [7, 1, 7]], [[0.31, 0.31, 0.31], [4, 4, 4]], [[0.31, 0.23, 0.31], [4, 3, 4]]], 0, 0, 0]
[u'lsx_padbytes', 2, 12, 0, [[[0.08, 0.42, 0.5], [1, 5, 6]], [[0.08, 0.42, 0.5], [1, 5, 6]]], 0, 0, 0]
[u'lsx_writechars', 3, 10, 1, [[[0.0, 0.3, 0.3], [0, 3, 3]], [[0.0, 0.5, 0.5], [0, 5, 5]], [[0.0, 0.5, 0.5], [0, 5, 5]]], 0, 0, 0]
[u'lsx_usage', 1, 94, 0, [[[0.55, 0.0, 0.55], [52, 0, 52]]], 0, 0, 0]
[u'lsx_parseposition', 6, 12, 1, [[[0.58, 0.33, 0.58], [7, 4, 7]], [[0.92, 0.5, 0.92], [11, 6, 11]], [[0.58, 0.33, 0.58], [7, 4, 7]], [[0.5, 0.5, 0.5], [6, 6, 6]], [[0.67, 0.58, 0.67], [8, 7, 8]], [[0.0, 0.0, 0.0], [0, 0, 0]]], 1, 1, 0]
[u'strtod', 2, 5, 0, [[[1.0, 0.0, 1.0], [5, 0, 5]], [[0.0, 0.0, 0.0], [0, 0, 0]]], 1, 1, 0]
[u'lsx_strdup', 1, 28, 0, [[[0.71, 0.0, 0.71], [20, 0, 20]]], 1, 1, 0]
[u'parse', 3, 8, 0, [[[0.0, 0.0, 0.0], [0, 0, 0]], [[0.0, 0.0, 0.0], [0, 0, 0]], [[0.0, 0.0, 0.0], [0, 0, 0]]], 0, 0, 0]
[u'lsx_getopt', 1, 12, 0, [[[0.58, 0.0, 0.58], [7, 0, 7]]], 0, 0, 0]
[u'lsx_getopt_init', 7, 13, 1, [[[0.0, 0.0, 0.0], [0, 0, 0]], [[0.08, 0.0, 0.08], [1, 0, 1]], [[0.0, 0.0, 0.0], [0, 0, 0]], [[0.0, 0.0, 0.0], [0, 0, 0]], [[0.0, 0.0, 0.0], [0, 0, 0]], [[0.0, 0.0, 0.0], [0, 0, 0]], [[0.0, 0.0, 0.0], [0, 0, 0]]], 0, 0, 0]
[u'cos', 1, 67, 0, [[[0.99, 0.0, 0.99], [66, 0, 66]]], 1, 1, 0]
[u'sin', 1, 35, 0, [[[0.89, 0.0, 0.89], [31, 0, 31]]], 1, 1, 0]
[u'pow', 2, 25, 1, [[[0.24, 0.04, 0.28], [6, 1, 7]], [[0.48, 0.04, 0.52], [12, 1, 13]]], 0, 0, 0]
[u'SOX_FLOAT_32BIT_TO_SAMPLE', 2, 8, 0, [[[0.63, 0.0, 0.63], [5, 0, 5]], [[0.13, 0.0, 0.13], [1, 0, 1]]], 0, 0, 0]
[u'SOX_SAMPLE_TO_FLOAT_32BIT', 2, 9, 0, [[[0.44, 0.22, 0.44], [4, 2, 4]], [[0.11, 0.22, 0.22], [1, 2, 2]]], 0, 0, 0]
[u'strchr', 2, 26, 0, [[[0.54, 0.08, 0.58], [14, 2, 15]], [[0.27, 0.08, 0.31], [7, 2, 8]]], 0, 0, 0]
[u'sscanf', 5, 72, 0, [[[0.47, 0.0, 0.47], [34, 0, 34]], [[0.0, 0.0, 0.0], [0, 0, 0]], [[0.29, 0.13, 0.31], [21, 9, 22]], [[0.08, 0.13, 0.18], [6, 9, 13]], [[0.03, 0.03, 0.03], [2, 2, 2]]], 0, 0, 0]
[u'lsx_parse_frequency', 2, 6, 0, [[[0.67, 0.0, 0.67], [4, 0, 4]], [[0.0, 0.0, 0.0], [0, 0, 0]]], 0, 0, 0]
[u'start', 1, 6, 0, [[[0.17, 0.0, 0.17], [1, 0, 1]]], 0, 0, 0]
[u'SOX_ROUND_CLIP_COUNT', 2, 17, 0, [[[0.82, 0.0, 0.82], [14, 0, 14]], [[0.29, 0.0, 0.29], [5, 0, 5]]], 1, 1, 0]
[u'lsx_biquad_getopts', 10, 9, 1, [[[0.0, 0.0, 0.0], [0, 0, 0]], [[0.11, 0.0, 0.11], [1, 0, 1]], [[0.11, 0.0, 0.11], [1, 0, 1]], [[0.0, 0.11, 0.11], [0, 1, 1]], [[0.0, 0.11, 0.11], [0, 1, 1]], [[0.0, 0.0, 0.0], [0, 0, 0]], [[0.0, 0.0, 0.0], [0, 0, 0]], [[0.0, 0.0, 0.0], [0, 0, 0]], [[0.0, 0.0, 0.0], [0, 0, 0]], [[0.0, 0.11, 0.11], [0, 1, 1]]], 0, 0, 0]
[u'linear_to_dB', 1, 19, 0, [[[0.37, 0.0, 0.37], [7, 0, 7]]], 0, 0, 0]
[u'sqr', 1, 37, 0, [[[0.76, 0.0, 0.76], [28, 0, 28]]], 1, 1, 0]
[u'make_poly_from_roots', 3, 8, 0, [[[0.0, 0.0, 0.0], [0, 0, 0]], [[0.0, 0.0, 0.0], [0, 0, 0]], [[0.0, 0.0, 0.0], [0, 0, 0]]], 0, 0, 0]
[u'dB_to_linear', 1, 13, 0, [[[0.62, 0.0, 0.62], [8, 0, 8]]], 0, 0, 0]
[u'SOX_24BIT_CLIP_COUNT', 2, 6, 0, [[[0.5, 0.0, 0.5], [3, 0, 3]], [[0.0, 0.0, 0.0], [0, 0, 0]]], 0, 0, 0]
[u'strtok', 2, 9, 0, [[[0.78, 0.0, 0.78], [7, 0, 7]], [[0.0, 0.0, 0.0], [0, 0, 0]]], 1, 1, 0]
[u'SOX_SAMPLE_CLIP_COUNT', 2, 11, 0, [[[1.0, 0.0, 1.0], [11, 0, 11]], [[0.0, 0.0, 0.0], [0, 0, 0]]], 1, 1, 0]
[u'lsx_compandt', 2, 5, 1, [[[0.0, 0.0, 0.0], [0, 0, 0]], [[1.0, 0.0, 1.0], [5, 0, 5]]], 1, 1, 0]
[u'fabs', 1, 34, 0, [[[0.59, 0.0, 0.59], [20, 0, 20]]], 0, 0, 0]
[u'log10', 1, 5, 0, [[[0.2, 0.0, 0.2], [1, 0, 1]]], 0, 0, 0]
[u'printf', 7, 57, 1, [[[0.0, 0.0, 0.0], [0, 0, 0]], [[0.3, 0.05, 0.3], [17, 3, 17]], [[0.05, 0.07, 0.07], [3, 4, 4]], [[0.0, 0.04, 0.04], [0, 2, 2]], [[0.0, 0.02, 0.02], [0, 1, 1]], [[0.0, 0.02, 0.02], [0, 1, 1]], [[0.0, 0.02, 0.02], [0, 1, 1]]], 0, 0, 0]
[u's', 1, 21, 0, [[[0.81, 0.0, 0.81], [17, 0, 17]]], 1, 1, 0]
[u'get16_le', 1, 9, 0, [[[0.0, 0.0, 0.0], [0, 0, 0]]], 0, 0, 0]
[u'strerror', 1, 18, 0, [[[0.06, 0.0, 0.06], [1, 0, 1]]], 0, 0, 0]
[u'put16_le', 2, 9, 0, [[[0.0, 0.0, 0.0], [0, 0, 0]], [[0.0, 0.0, 0.0], [0, 0, 0]]], 0, 0, 0]
[u'strncpy', 3, 11, 1, [[[0.18, 0.27, 0.36], [2, 3, 4]], [[0.82, 0.09, 0.82], [9, 1, 9]], [[0.09, 0.27, 0.27], [1, 3, 3]]], 1, 1, 0]
[u'sprintf', 6, 46, 2, [[[0.24, 0.17, 0.3], [11, 8, 14]], [[0.07, 0.09, 0.09], [3, 4, 4]], [[0.52, 0.39, 0.7], [24, 18, 32]], [[0.15, 0.24, 0.26], [7, 11, 12]], [[0.02, 0.04, 0.07], [1, 2, 3]], [[0.02, 0.02, 0.02], [1, 1, 1]]], 0, 1, 0]
[u'SOX_FLOAT_64BIT_TO_SAMPLE', 2, 8, 0, [[[0.25, 0.13, 0.25], [2, 1, 2]], [[0.25, 0.13, 0.25], [2, 1, 2]]], 0, 0, 0]
[u'SOX_SAMPLE_TO_FLOAT_64BIT', 2, 6, 0, [[[0.33, 0.33, 0.67], [2, 2, 4]], [[0.33, 0.33, 0.67], [2, 2, 4]]], 0, 0, 0]
[u'lsx_safe_rdft', 3, 20, 0, [[[0.4, 0.7, 0.9], [8, 14, 18]], [[0.0, 0.0, 0.0], [0, 0, 0]], [[0.45, 0.7, 0.9], [9, 14, 18]]], 0, 1, 0]
[u'fifo_create', 2, 7, 0, [[[0.0, 0.0, 0.0], [0, 0, 0]], [[0.0, 0.0, 0.0], [0, 0, 0]]], 0, 0, 0]
[u'fifo_reserve', 2, 10, 1, [[[0.0, 0.0, 0.0], [0, 0, 0]], [[0.3, 0.0, 0.3], [3, 0, 3]]], 0, 0, 0]
[u'fifo_trim_by', 2, 7, 1, [[[0.0, 0.0, 0.0], [0, 0, 0]], [[0.57, 0.0, 0.57], [4, 0, 4]]], 0, 0, 0]
[u'fifo_read', 3, 12, 1, [[[0.08, 0.08, 0.17], [1, 1, 2]], [[0.42, 0.08, 0.5], [5, 1, 6]], [[0.0, 0.0, 0.0], [0, 0, 0]]], 0, 0, 0]
[u'fifo_read_ptr', 1, 8, 0, [[[0.63, 0.0, 0.63], [5, 0, 5]]], 0, 0, 0]
[u'fifo_occupancy', 1, 9, 0, [[[0.11, 0.0, 0.11], [1, 0, 1]]], 0, 0, 0]
[u'fifo_write', 3, 9, 1, [[[0.44, 0.0, 0.44], [4, 0, 4]], [[0.56, 0.22, 0.56], [5, 2, 5]], [[0.22, 0.22, 0.22], [2, 2, 2]]], 0, 0, 0]
[u'flow', 5, 6, 0, [[[0.17, 0.17, 0.17], [1, 1, 1]], [[0.17, 0.17, 0.17], [1, 1, 1]], [[0.17, 0.17, 0.17], [1, 1, 1]], [[0.0, 0.17, 0.17], [0, 1, 1]], [[0.0, 0.17, 0.17], [0, 1, 1]]], 0, 0, 0]
[u'fifo_delete', 1, 6, 0, [[[0.0, 0.0, 0.0], [0, 0, 0]]], 0, 0, 0]
[u'p -> flow', 5, 6, 0, [[[0.17, 0.17, 0.17], [1, 1, 1]], [[0.17, 0.17, 0.17], [1, 1, 1]], [[0.17, 0.17, 0.17], [1, 1, 1]], [[0.0, 0.17, 0.17], [0, 1, 1]], [[0.0, 0.17, 0.17], [0, 1, 1]]], 0, 0, 0]
[u'lsx_revalloc', 2, 10, 1, [[[0.5, 0.6, 0.6], [5, 6, 6]], [[0.7, 0.6, 0.7], [7, 6, 7]]], 1, 1, 0]
[u'* start', 1, 6, 0, [[[0.17, 0.0, 0.17], [1, 0, 1]]], 0, 0, 0]
[u'effp -> handler . flow', 5, 6, 0, [[[0.17, 0.17, 0.17], [1, 1, 1]], [[0.17, 0.17, 0.17], [1, 1, 1]], [[0.17, 0.17, 0.17], [1, 1, 1]], [[0.0, 0.17, 0.17], [0, 1, 1]], [[0.0, 0.17, 0.17], [0, 1, 1]]], 0, 0, 0]
[u'effp [ f ] . handler . stop', 1, 7, 0, [[[0.86, 0.0, 0.86], [6, 0, 6]]], 1, 1, 0]
[u'strcasecmp', 2, 15, 0, [[[0.47, 0.07, 0.53], [7, 1, 8]], [[0.27, 0.07, 0.33], [4, 1, 5]]], 0, 0, 0]
[u'lsx_parsesamples', 4, 17, 1, [[[0.29, 0.12, 0.29], [5, 2, 5]], [[0.76, 0.12, 0.76], [13, 2, 13]], [[0.12, 0.0, 0.12], [2, 0, 2]], [[0.0, 0.0, 0.0], [0, 0, 0]]], 1, 1, 0]
[u'fopen', 2, 6, 0, [[[0.67, 0.0, 0.67], [4, 0, 4]], [[0.0, 0.0, 0.0], [0, 0, 0]]], 0, 0, 0]
[u'array_length', 1, 27, 0, [[[0.07, 0.0, 0.07], [2, 0, 2]]], 0, 0, 0]
[u'ceil', 1, 12, 0, [[[0.25, 0.0, 0.25], [3, 0, 3]]], 0, 0, 0]
[u'sox_close', 1, 20, 0, [[[0.25, 0.0, 0.25], [5, 0, 5]]], 0, 0, 0]
[u'sox_delete_effects_chain', 1, 5, 0, [[[0.0, 0.0, 0.0], [0, 0, 0]]], 0, 0, 0]
[u'sox_flow_effects', 3, 5, 1, [[[0.0, 0.0, 0.0], [0, 0, 0]], [[0.0, 0.8, 0.8], [0, 4, 4]], [[0.0, 0.8, 0.8], [0, 4, 4]]], 0, 1, 0]
[u'sox_add_effect', 4, 20, 2, [[[0.25, 0.0, 0.25], [5, 0, 5]], [[0.0, 0.0, 0.0], [0, 0, 0]], [[0.0, 0.4, 0.4], [0, 8, 8]], [[0.0, 0.4, 0.4], [0, 8, 8]]], 0, 0, 0]
[u'sox_effect_options', 3, 17, 0, [[[0.06, 0.06, 0.06], [1, 1, 1]], [[0.06, 0.06, 0.06], [1, 1, 1]], [[0.06, 0.06, 0.06], [1, 1, 1]]], 0, 0, 0]
[u'sox_find_effect', 1, 22, 0, [[[0.18, 0.0, 0.18], [4, 0, 4]]], 0, 0, 0]
[u'sox_create_effect', 1, 21, 0, [[[0.0, 0.0, 0.0], [0, 0, 0]]], 0, 0, 0]
[u'sox_create_effects_chain', 2, 5, 0, [[[0.0, 0.0, 0.0], [0, 0, 0]], [[0.0, 0.0, 0.0], [0, 0, 0]]], 0, 0, 0]
[u'sox_open_write', 6, 7, 2, [[[0.0, 0.0, 0.0], [0, 0, 0]], [[0.0, 0.29, 0.29], [0, 2, 2]], [[0.0, 0.86, 0.86], [0, 6, 6]], [[0.0, 0.71, 0.71], [0, 5, 5]], [[0.0, 0.86, 0.86], [0, 6, 6]], [[0.0, 0.86, 0.86], [0, 6, 6]]], 0, 1, 0]
[u'sox_open_read', 4, 9, 1, [[[0.11, 0.11, 0.11], [1, 1, 1]], [[0.0, 1.0, 1.0], [0, 9, 9]], [[0.0, 1.0, 1.0], [0, 9, 9]], [[0.11, 1.0, 1.0], [1, 9, 9]]], 0, 1, 0]
[u'fprintf', 10, 123, 2, [[[0.0, 0.0, 0.0], [0, 0, 0]], [[0.0, 0.0, 0.0], [0, 0, 0]], [[0.38, 0.05, 0.4], [47, 6, 49]], [[0.04, 0.07, 0.07], [5, 8, 9]], [[0.0, 0.02, 0.02], [0, 3, 3]], [[0.0, 0.02, 0.02], [0, 3, 3]], [[0.0, 0.02, 0.02], [0, 2, 2]], [[0.0, 0.01, 0.01], [0, 1, 1]], [[0.0, 0.0, 0.0], [0, 0, 0]], [[0.0, 0.01, 0.01], [0, 1, 1]]], 0, 0, 0]
[u'sox_read', 3, 7, 0, [[[0.14, 0.14, 0.29], [1, 1, 2]], [[0.0, 0.14, 0.14], [0, 1, 1]], [[0.0, 0.14, 0.14], [0, 1, 1]]], 0, 0, 0]
[u'check', 1, 10, 0, [[[0.1, 0.0, 0.1], [1, 0, 1]]], 0, 0, 0]
[u'sox_write', 3, 5, 0, [[[0.6, 0.6, 0.6], [3, 3, 3]], [[0.6, 0.6, 0.6], [3, 3, 3]], [[0.6, 0.6, 0.6], [3, 3, 3]]], 0, 0, 0]
[u'cftfsub', 3, 19, 0, [[[1.0, 0.0, 1.0], [19, 0, 19]], [[0.0, 0.0, 0.0], [0, 0, 0]], [[0.0, 0.0, 0.0], [0, 0, 0]]], 1, 1, 0]
[u'bitrv2', 3, 12, 0, [[[1.0, 0.0, 1.0], [12, 0, 12]], [[0.0, 0.0, 0.0], [0, 0, 0]], [[0.0, 0.0, 0.0], [0, 0, 0]]], 1, 1, 0]
[u'makewt', 3, 6, 0, [[[1.0, 0.0, 1.0], [6, 0, 6]], [[1.0, 0.0, 1.0], [6, 0, 6]], [[0.0, 0.0, 0.0], [0, 0, 0]]], 1, 1, 0]
[u'rftfsub', 4, 7, 0, [[[1.0, 1.0, 1.0], [7, 7, 7]], [[0.0, 0.0, 0.0], [0, 0, 0]], [[1.0, 1.0, 1.0], [7, 7, 7]], [[1.0, 1.0, 1.0], [7, 7, 7]]], 1, 1, 0]
[u'makect', 3, 5, 0, [[[1.0, 1.0, 1.0], [5, 5, 5]], [[1.0, 1.0, 1.0], [5, 5, 5]], [[1.0, 1.0, 1.0], [5, 5, 5]]], 1, 1, 0]
[u'lsx_dft_filter_effect_fn ( ) -> start', 1, 6, 0, [[[0.17, 0.0, 0.17], [1, 0, 1]]], 0, 0, 0]
[u'lsx_set_dft_filter', 4, 5, 0, [[[1.0, 1.0, 1.0], [5, 5, 5]], [[1.0, 1.0, 1.0], [5, 5, 5]], [[1.0, 1.0, 1.0], [5, 5, 5]], [[1.0, 1.0, 1.0], [5, 5, 5]]], 1, 1, 0]
[u'lsx_plot_fir', 7, 5, 0, [[[1.0, 0.6, 1.0], [5, 3, 5]], [[1.0, 0.8, 1.0], [5, 4, 5]], [[1.0, 0.0, 1.0], [5, 0, 5]], [[1.0, 0.0, 1.0], [5, 0, 5]], [[0.0, 0.0, 0.0], [0, 0, 0]], [[0.4, 0.2, 0.4], [2, 1, 2]], [[0.0, 0.0, 0.0], [0, 0, 0]]], 1, 1, 0]
[u'fscanf', 4, 6, 0, [[[1.0, 0.0, 1.0], [6, 0, 6]], [[0.0, 0.0, 0.0], [0, 0, 0]], [[0.83, 0.17, 1.0], [5, 1, 6]], [[0.17, 0.17, 0.33], [1, 1, 2]]], 1, 1, 0]
[u'lsx_valloc', 2, 8, 0, [[[0.38, 0.25, 0.38], [3, 2, 3]], [[0.25, 0.25, 0.25], [2, 2, 2]]], 0, 0, 0]
[u'lsx_usage_lines', 3, 5, 0, [[[0.0, 0.0, 0.0], [0, 0, 0]], [[0.0, 0.0, 0.0], [0, 0, 0]], [[0.0, 0.0, 0.0], [0, 0, 0]]], 0, 0, 0]
[u'sox_append_comment', 2, 13, 1, [[[0.0, 0.0, 0.0], [0, 0, 0]], [[0.54, 0.0, 0.54], [7, 0, 7]]], 0, 0, 0]
[u'strcat', 2, 15, 0, [[[0.87, 0.27, 0.93], [13, 4, 14]], [[0.47, 0.27, 0.6], [7, 4, 9]]], 1, 1, 0]
[u'strcpy', 2, 8, 0, [[[0.88, 0.25, 0.88], [7, 2, 7]], [[0.5, 0.25, 0.5], [4, 2, 4]]], 1, 1, 0]
[u'strncasecmp', 3, 9, 2, [[[0.44, 0.0, 0.44], [4, 0, 4]], [[0.44, 0.11, 0.44], [4, 1, 4]], [[0.56, 0.11, 0.56], [5, 1, 5]]], 0, 0, 0]
[u'fileno', 1, 10, 0, [[[0.1, 0.0, 0.1], [1, 0, 1]]], 0, 0, 0]
[u'sox_find_format', 2, 6, 0, [[[0.67, 0.17, 0.83], [4, 1, 5]], [[0.17, 0.17, 0.33], [1, 1, 2]]], 0, 1, 0]
[u'sox_precision', 2, 7, 0, [[[0.57, 0.43, 1.0], [4, 3, 7]], [[0.43, 0.43, 0.86], [3, 3, 6]]], 0, 1, 0]
[u'lsx_filelength', 1, 8, 0, [[[0.5, 0.0, 0.5], [4, 0, 4]]], 0, 0, 0]
[u'rewind', 1, 5, 0, [[[0.6, 0.0, 0.6], [3, 0, 3]]], 0, 0, 0]
[u'sox_ulaw2linear16', 1, 5, 0, [[[0.2, 0.0, 0.2], [1, 0, 1]]], 0, 0, 0]
[u'sox_alaw2linear16', 1, 5, 0, [[[0.2, 0.0, 0.2], [1, 0, 1]]], 0, 0, 0]
[u'update', 8, 6, 1, [[[0.0, 0.0, 0.0], [0, 0, 0]], [[0.0, 1.0, 1.0], [0, 6, 6]], [[0.0, 1.0, 1.0], [0, 6, 6]], [[0.0, 1.0, 1.0], [0, 6, 6]], [[0.0, 1.0, 1.0], [0, 6, 6]], [[0.0, 1.0, 1.0], [0, 6, 6]], [[0.0, 1.0, 1.0], [0, 6, 6]], [[0.0, 1.0, 1.0], [0, 6, 6]]], 0, 1, 0]
[u'reconstruct', 3, 6, 0, [[[0.0, 0.5, 0.5], [0, 3, 3]], [[0.0, 0.0, 0.0], [0, 0, 0]], [[0.0, 0.5, 0.5], [0, 3, 3]]], 0, 0, 0]
[u'quantize', 4, 5, 0, [[[0.0, 0.6, 0.6], [0, 3, 3]], [[0.0, 0.6, 0.6], [0, 3, 3]], [[0.0, 0.0, 0.0], [0, 0, 0]], [[0.0, 0.0, 0.0], [0, 0, 0]]], 0, 0, 0]
[u'step_size', 1, 6, 0, [[[0.0, 0.0, 0.0], [0, 0, 0]]], 0, 0, 0]
[u'predictor_pole', 1, 6, 0, [[[0.0, 0.0, 0.0], [0, 0, 0]]], 0, 0, 0]
[u'predictor_zero', 1, 6, 0, [[[0.0, 0.0, 0.0], [0, 0, 0]]], 0, 0, 0]
[u'log2plus1', 1, 5, 0, [[[0.6, 0.0, 0.6], [3, 0, 3]]], 0, 0, 0]
[u'lsx_skipbytes', 2, 17, 0, [[[0.71, 0.0, 0.71], [12, 0, 12]], [[0.06, 0.0, 0.06], [1, 0, 1]]], 1, 1, 0]
[u'lsx_readsw', 2, 8, 0, [[[1.0, 0.0, 1.0], [8, 0, 8]], [[0.0, 0.0, 0.0], [0, 0, 0]]], 1, 1, 0]
[u'lsx_writesw', 2, 7, 0, [[[0.57, 0.71, 0.86], [4, 5, 6]], [[0.57, 0.71, 0.86], [4, 5, 6]]], 0, 1, 0]
[u'lsx_writesb', 2, 12, 0, [[[0.67, 0.58, 0.67], [8, 7, 8]], [[0.67, 0.58, 0.67], [8, 7, 8]]], 0, 0, 0]
[u'put32_be', 2, 5, 1, [[[0.0, 0.0, 0.0], [0, 0, 0]], [[0.2, 0.0, 0.2], [1, 0, 1]]], 0, 0, 0]
[u'getenv', 1, 6, 0, [[[0.0, 0.0, 0.0], [0, 0, 0]]], 0, 0, 0]
[u'atof', 1, 5, 0, [[[1.0, 0.0, 1.0], [5, 0, 5]]], 1, 1, 0]
[u'exit', 1, 38, 0, [[[0.0, 0.0, 0.0], [0, 0, 0]]], 0, 0, 0]
[u'sox_find_comment', 2, 20, 0, [[[0.0, 0.0, 0.0], [0, 0, 0]], [[0.0, 0.0, 0.0], [0, 0, 0]]], 0, 0, 0]
[u'lsx_rewind', 1, 6, 0, [[[0.5, 0.0, 0.5], [3, 0, 3]]], 0, 0, 0]
[u'ioctl', 3, 17, 0, [[[1.0, 0.0, 1.0], [17, 0, 17]], [[0.0, 0.0, 0.0], [0, 0, 0]], [[0.18, 0.0, 0.18], [3, 0, 3]]], 1, 1, 0]
[u'LSX_USE_VAR', 1, 6, 0, [[[0.0, 0.0, 0.0], [0, 0, 0]]], 0, 0, 0]
[u'lsx_sigfigs3', 1, 8, 0, [[[0.5, 0.0, 0.5], [4, 0, 4]]], 0, 0, 0]
[u'str_time', 1, 5, 0, [[[0.2, 0.0, 0.2], [1, 0, 1]]], 0, 0, 0]
[u'is_serial', 1, 5, 0, [[[0.0, 0.0, 0.0], [0, 0, 0]]], 0, 0, 0]
[u'auto_effect', 6, 7, 0, [[[0.0, 0.0, 0.0], [0, 0, 0]], [[0.0, 0.0, 0.0], [0, 0, 0]], [[0.0, 0.0, 0.0], [0, 0, 0]], [[0.0, 0.0, 0.0], [0, 0, 0]], [[0.0, 0.0, 0.0], [0, 0, 0]], [[0.0, 0.0, 0.0], [0, 0, 0]]], 0, 0, 0]
[u'gettimeofday', 2, 5, 0, [[[0.0, 0.0, 0.0], [0, 0, 0]], [[0.0, 0.0, 0.0], [0, 0, 0]]], 0, 0, 0]
[u'signal', 2, 5, 0, [[[0.2, 0.0, 0.2], [1, 0, 1]], [[0.0, 0.0, 0.0], [0, 0, 0]]], 0, 0, 0]
[u'puts', 1, 12, 0, [[[0.0, 0.0, 0.0], [0, 0, 0]]], 0, 0, 0]
[u'putchar', 1, 7, 0, [[[0.0, 0.0, 0.0], [0, 0, 0]]], 0, 0, 0]
[u'display_SoX_version', 1, 6, 0, [[[0.0, 0.0, 0.0], [0, 0, 0]]], 0, 0, 0]
[u'lsx_find_enum_text', 3, 6, 0, [[[0.67, 0.0, 0.67], [4, 0, 4]], [[0.33, 0.0, 0.33], [2, 0, 2]], [[0.5, 0.0, 0.5], [3, 0, 3]]], 0, 0, 0]
[u'usage', 1, 8, 0, [[[0.0, 0.0, 0.0], [0, 0, 0]]], 0, 0, 0]
[u'enum_option', 3, 5, 0, [[[0.8, 0.8, 0.8], [4, 4, 4]], [[0.8, 0.8, 0.8], [4, 4, 4]], [[0.0, 0.0, 0.0], [0, 0, 0]]], 1, 1, 0]
[u'try_device', 1, 8, 0, [[[0.0, 0.0, 0.0], [0, 0, 0]]], 0, 0, 0]
[u'add_file', 2, 6, 0, [[[0.17, 0.0, 0.17], [1, 0, 1]], [[0.0, 0.0, 0.0], [0, 0, 0]]], 0, 0, 0]
[u'pixel', 2, 12, 1, [[[0.92, 0.17, 0.92], [11, 2, 11]], [[1.0, 0.17, 1.0], [12, 2, 12]]], 1, 1, 0]
[u'print_at', 4, 9, 0, [[[0.78, 0.56, 0.78], [7, 5, 7]], [[0.67, 0.44, 0.67], [6, 4, 6]], [[0.0, 0.0, 0.0], [0, 0, 0]], [[0.22, 0.22, 0.44], [2, 2, 4]]], 1, 1, 0]
[u'difference', 3, 5, 0, [[[0.6, 0.8, 0.8], [3, 4, 4]], [[0.4, 0.4, 0.6], [2, 2, 3]], [[0.4, 0.8, 0.8], [2, 4, 4]]], 0, 1, 0]
[u'output', 2, 7, 0, [[[1.0, 0.86, 1.0], [7, 6, 7]], [[0.86, 0.86, 0.86], [6, 6, 6]]], 1, 1, 0]
[u'lsx_Calloc', 2, 9, 1, [[[0.0, 0.44, 0.44], [0, 4, 4]], [[0.44, 0.44, 0.89], [4, 4, 8]]], 0, 1, 0]
[u'wav_format_str', 1, 9, 0, [[[0.89, 0.0, 0.89], [8, 0, 8]]], 1, 1, 0]
[u'wavfail', 2, 12, 0, [[[1.0, 0.0, 1.0], [12, 0, 12]], [[0.0, 0.0, 0.0], [0, 0, 0]]], 1, 1, 0]
[u'fail', 3, 9, 0, [[[1.0, 0.89, 1.0], [9, 8, 9]], [[1.0, 0.78, 1.0], [9, 7, 9]], [[0.33, 0.33, 0.33], [3, 3, 3]]], 1, 1, 0]
[u'_countof', 1, 8, 0, [[[0.75, 0.0, 0.75], [6, 0, 6]]], 1, 1, 0]
有实例的函数数量 = 1005, 有参数及实例的函数数量 = 949, 实例数>1有参数函数数量 = 537, 实例数>4有参数函数数量 = 213, 实例数>9有参数函数数量 = 107
Antminer = 57, 算法1 = 73, 算法2 = 0, 
